0.650793
0.405389
0.833441
0.628040
0.035507
0.185203
0.446238
0.315795
0.380531
0.397068
0.717095
0.163493
0.246925
0.772414
0.957288
0.230366
0.932388
0.694349
0.434309
0.176748
0.227823
0.659584
0.354261
0.541606
0.122214
0.514198
0.858149
0.519967
0.784177
0.625687
0.226959
0.127981
0.709255
0.784718
0.799912
0.898664
0.484731
0.405472
0.788198
0.082358
0.088955
0.351190
0.795193
0.956425
0.837990
0.531956
0.402716
0.545874
0.829883
0.310323
0.796804
0.279437
0.643665
0.126881
0.741123
0.308980
0.274684
0.343183
0.575590
0.731847
0.703117
0.305025
0.924638
0.648972
0.301764
0.375912
0.245864
0.735321
0.907735
0.092203
0.622584
0.282244
0.362365
0.616372
0.890608
0.158069
0.710260
0.833320
0.483150
0.598624
0.463512
0.889119
0.796395
0.161235
0.559623
0.406944
0.656849
0.863276
0.053734
0.515013
0.863669
0.017155
0.237412
0.639941
0.456248
0.470264
0.126425
0.932552
0.883757
0.077683
0.807420
0.779282
0.292891
0.633698
0.815716
0.268189
0.960102
0.960557
0.964935
0.688992
0.641573
0.537002
0.834804
0.404338
0.565085
0.899190
0.918127
0.770498
0.481704
0.862795
0.910023
0.291306
0.179433
0.877612
0.849567
0.701779
0.454455
0.314362
0.814540
0.938699
0.165361
0.631146
0.881360
0.792916
0.038339
0.948498
0.952085
0.205505
0.293578
0.382382
0.458659
0.944295
0.017312
0.331205
0.141039
0.297020
0.716090
0.113952
0.373747
0.686433
0.304788
0.896889
0.711444
0.680734
0.454414
0.932865
0.032307
0.881179
0.474103
0.247055
0.744599
0.157267
0.597731
0.553041
0.379800
0.493557
0.190054
0.287843
0.929589
0.469464
0.486399
0.707538
0.562484
0.760956
0.710021
0.771950
0.013457
0.946161
0.053350
0.201279
0.699899
0.291568
0.100537
0.776193
0.957741
0.287296
0.855594
0.487669
0.723101
0.440281
0.852389
0.719758
0.420000
0.417844
0.156885
0.362879
0.934939
0.745867
0.031953
0.198653
0.889948
0.147719
0.726543
0.647840
0.877490
0.606373
0.218006
0.930994
0.880819
0.217285
0.556370
0.672470
0.116752
0.138842
0.732055
0.832465
0.926348
0.029816
0.914620
0.204508
0.735847
0.697666
0.828149
0.454592
0.973140
0.551377
0.570593
0.391532
0.538292
0.168825
0.591452
0.221328
0.826674
0.153369
0.426626
0.191205
0.212935
0.928865
0.167883
0.665076
0.835728
0.801783
0.467894
0.437928
0.502713
0.286662
0.744987
0.825063
0.149193
0.267251
0.636425
0.654698
0.870206
0.302856
0.076719
0.542930
0.749555
0.476280
0.795345
0.007505
0.293179
0.334776
0.758489
0.075851
0.180695
0.416270
0.924168
0.636199
0.047079
0.027947
0.151493
0.684920
0.379245
0.753806
0.444179
0.881201
0.379213
0.531291
0.585622
0.490622
0.436617
0.279297
0.023975
0.425446
0.810727
0.352059
0.528413
0.200772
0.764746
0.373845
0.751657
0.216211
0.844770
0.574708
0.329702
0.801337
0.095492
0.776358
0.797183
0.764155
0.122935
0.927521
0.692088
0.953422
0.317224
0.267732
0.990907
0.887201
0.344801
0.303149
0.371324
0.151074
0.717890
0.105452
0.692539
0.647190
0.584456
0.206375
0.299825
0.448185
0.227962
0.815686
0.919813
0.823206
0.973549
0.694752
0.627603
0.510911
0.920344
0.343873
0.051497
0.335915
0.884719
0.025166
0.710498
0.863945
0.026209
0.054142
0.136980
0.309989
0.852053
0.720860
0.896283
0.675366
0.275141
0.831171
0.996623
0.384449
0.941511
0.837475
0.744824
0.112996
0.886096
0.621813
0.996698
0.203536
0.837758
0.749380
0.889919
0.545896
0.792907
0.168137
0.568418
0.070701
0.283272
0.954592
0.047641
0.063229
0.019640
0.369876
0.807434
0.827356
0.697792
0.396776
0.802711
0.525142
0.942388
0.864988
0.463601
0.381471
0.343261
0.797863
0.303830
0.276359
0.416233
0.011128
0.941980
0.176720
0.339595
0.766153
0.452202
0.317894
0.923326
0.836913
0.296044
0.199049
0.080998
0.103052
0.088309
0.127687
0.247703
0.988020
0.363326
0.451516
0.386483
0.838227
0.491964
0.744185
0.686773
0.935032
0.955329
0.069360
0.189089
0.887557
0.397410
0.172216
0.664101
0.066259
0.362282
0.083274
0.113423
0.313269
0.376280
0.982274
0.838359
0.155556
0.855033
0.475522
0.636418
0.764043
0.150011
0.919656
0.636951
0.157358
0.209622
0.176291
0.896147
0.173237
0.182774
0.828038
0.288617
0.608855
0.020585
0.194724
0.645157
0.850748
0.231658
0.036783
0.044264
0.747867
0.686986
0.820100
0.428173
0.498296
0.261507
0.213809
0.366601
0.788760
0.886575
0.132492
0.647678
0.810102
0.211790
0.846161
0.122968
0.903085
0.382793
0.948302
0.424718
0.218013
0.167268
0.055196
0.018630
0.742026
0.006089
0.643954
0.176336
0.551296
0.811596
0.216411
0.425670
0.400079
0.208651
0.964378
0.396439
0.926779
0.358017
0.229247
0.008176
0.874362
0.221592
0.608047
0.691434
0.880201
0.499822
0.470576
0.041216
0.640368
0.908681
0.398685
0.558396
0.012252
0.715811
0.016800
0.110255
0.570223
0.267220
0.192344
0.822809
0.588268
0.140918
0.732520
0.771085
0.738976
0.988652
0.989404
0.480062
0.130331
0.974013
0.609940
0.301649
0.474930
0.398964
0.910624
0.937672
0.640064
0.680302
0.211447
0.351149
0.563675
0.683425
0.559420
0.850262
0.468841
0.339062
0.969341
0.576141
0.838987
0.432608
0.977394
0.945335
0.613490
0.234882
0.797718
0.793168
0.729620
0.217265
0.396821
0.319476
0.792470
0.572335
0.039707
0.807817
0.918884
0.930178
0.056227
0.558727
0.902589
0.508230
0.088502
0.930321
0.513516
0.989488
0.806780
0.550480
0.560799
0.216695
0.262837
0.855025
0.667736
0.678488
0.438064
0.676767
0.798353
0.344645
0.613646
0.695675
0.621116
0.479759
0.833508
0.852855
0.685697
0.861948
0.822596
0.604134
0.172781
0.614937
0.121912
0.527213
0.784954
0.015434
0.322615
0.928946
0.920835
0.502575
0.508584
0.138140
0.581641
0.069861
0.546935
0.788789
0.897106
0.599548
0.843657
0.355262
0.378720
0.970629
0.830066
0.340900
0.263418
0.431760
0.491549
0.858302
0.428019
0.485847
0.131574
0.887199
0.051976
0.144639
0.327492
0.591879
0.751578
0.396963
0.227872
0.725487
0.128787
0.045408
0.658260
0.870974
0.981696
0.291694
0.208127
0.848619
0.700181
0.989517
0.791615
0.413476
0.560846
0.580027
0.397935
0.913975
0.000223
0.627227
0.240620
0.409656
0.044845
0.276258
0.439389
0.680874
0.191869
0.365972
0.335750
0.474908
0.822901
0.126939
0.393418
0.118796
0.866691
0.333528
0.872222
0.214065
0.642726
0.098152
0.631504
0.313617
0.134643
0.700863
0.649333
0.656668
0.008545
0.506215
0.687006
0.609069
0.389114
0.226170
0.045975
0.611072
0.865319
0.489898
0.630395
0.960973
0.051411
0.349573
0.653269
0.349714
0.254118
0.504289
0.596477
0.690474
0.167818
0.413296
0.437749
0.973739
0.836227
0.341805
0.849580
0.469582
0.096782
0.277898
0.134679
0.794691
0.707779
0.788193
0.481414
0.232232
0.680300
0.977763
0.010298
0.300953
0.976113
0.054640
0.336841
0.405035
0.513664
0.948517
0.684482
0.788725
0.461822
0.297284
0.430400
0.609366
0.283263
0.488692
0.995631
0.211649
0.404947
0.261825
0.845588
0.193458
0.805927
0.310302
0.022238
0.580211
0.037793
0.969309
0.705692
0.109309
0.701959
0.148464
0.786706
0.063926
0.193182
0.612398
0.520052
0.545910
0.134125
0.650463
0.801154
0.572621
0.142359
0.229742
0.428200
0.569393
0.933099
0.360979
0.930483
0.378129
0.814564
0.610532
0.446835
0.381014
0.744934
0.885850
0.402507
0.915189
0.058373
0.296265
0.688811
0.642857
0.282106
0.520128
0.316193
0.285990
0.315209
0.644070
0.573574
0.546631
0.301464
0.923098
0.602766
0.506746
0.489096
0.242623
0.511233
0.822918
0.311098
0.770735
0.437714
0.180577
0.620908
0.663587
0.618489
0.201462
0.916307
0.524684
0.768944
0.635768
0.617296
0.034470
0.517027
0.530833
0.258834
0.007183
0.343347
0.024874
0.279993
0.026955
0.016533
0.512989
0.880637
0.704831
0.006854
0.752804
0.153078
0.769322
0.888328
0.127336
0.811374
0.718612
0.926750
0.175028
0.904492
0.898470
0.695831
0.053734
0.348175
0.793280
0.953352
0.215898
0.382802
0.784069
0.565282
0.956098
0.936805
0.146685
0.327840
0.757236
0.467024
0.999978
0.290743
0.999349
0.465436
0.599644
0.376681
0.709643
0.891706
0.400960
0.153244
0.043717
0.893365
0.245605
0.498428
0.414362
0.675204
0.197903
0.595186
0.002317
0.780022
0.580484
0.289121
0.666402
0.474260
0.102954
0.103352
0.581065
0.181994
0.482347
0.374330
0.799710
0.336969
0.684836
0.182144
0.486120
0.448371
0.649630
0.484014
0.959753
0.803556
0.592157
0.700090
0.417150
0.413235
0.335349
0.066220
0.076788
0.579135
0.601697
0.589635
0.827451
0.096472
0.245161
0.231411
0.080026
0.216228
0.561993
0.624209
0.589755
0.326348
0.561081
0.974112
0.100769
0.676802
0.002628
0.630607
0.338139
0.028568
0.681707
0.448422
0.961838
0.858869
0.078654
0.736927
0.954176
0.698997
0.094279
0.271033
0.041872
0.264002
0.922595
0.483907
0.120629
0.846935
0.423280
0.008343
0.789918
0.631108
0.033959
0.151896
0.740774
0.949949
0.686156
0.012851
0.843799
0.214181
0.280058
0.675112
0.558326
0.889054
0.606832
0.660277
0.829622
0.409201
0.514633
0.694451
0.168580
0.847181
0.973189
0.748644
0.394546
0.547115
0.629282
0.004837
0.945911
0.368913
0.073358
0.587245
0.167856
0.013218
0.005151
0.113051
0.468217
0.330090
0.856266
0.727906
0.083716
0.916073
0.160069
0.281263
0.910242
0.487268
0.944743
0.726924
0.188795
0.779155
0.774611
0.045847
0.523903
0.669966
0.488813
0.586456
0.886525
0.171309
0.985265
0.985333
0.020824
0.040203
0.055944
0.204210
0.197729
0.331160
0.224119
0.295547
0.524595
0.634866
0.653638
0.016312
0.326081
0.235721
0.775864
0.639612
0.524778
0.527828
0.607889
0.453459
0.425047
0.212413
0.806802
0.487273
0.656584
0.631693
0.486553
0.615514
0.318706
0.867755
0.638191
0.450677
0.097622
0.676878
0.057346
0.511650
0.503123
0.836817
0.685903
0.474244
0.436410
0.039329
0.977936
0.325564
0.133026
0.427125
0.718771
0.994941
0.224654
0.475098
0.225740
0.172748
0.130393
0.670012
0.522367
0.730921
0.133587
0.850756
0.903555
0.977618
0.783019
0.843277
0.817316
0.097187
0.157724
0.833113
0.309288
0.640211
0.345750
0.704049
0.593962
0.906860
0.263717
0.894314
0.142161
0.553855
0.205948
0.366218
0.688975
0.509077
0.658458
0.102336
0.761729
0.182197
0.931944
0.815163
0.033081
0.703656
0.926774
0.440849
0.230494
0.285788
0.035494
0.515911
0.576906
0.954337
0.546799
0.319314
0.789089
0.619456
0.018686
0.804137
0.850283
0.340405
0.558421
0.307804
0.391010
0.915241
0.589195
0.739471
0.198968
0.482743
0.750250
0.118012
0.735192
0.975715
0.725921
0.185488
0.630601
0.863129
0.502208
0.957086
0.648514
0.534969
0.412895
0.470851
0.273105
0.596565
0.946906
0.183929
0.239785
0.672630
0.694191
0.625064
0.990252
0.096325
0.987714
0.860524
0.854343
0.337301
0.567414
0.618119
0.027361
0.057211
0.194776
0.706709
0.728534
0.448605
0.272905
0.111296
0.784262
0.155748
0.636625
0.122287
0.233378
0.576604
0.295255
0.847167
0.515141
0.051136
0.017815
0.903387
0.310515
0.368569
0.879840
0.095876
0.184607
0.226976
0.838251
0.079872
0.034572
0.095831
0.652818
0.979496
0.935718
0.997686
0.745161
0.479486
0.567150
0.092312
0.368207
0.518445
0.950988
0.130084
0.915878
0.569558
0.662812
0.807730
0.833322
0.776625
0.938315
0.897992
0.876600
0.592898
0.632124
0.325922
0.057182
0.891177
0.403664
0.294456
0.163339
0.036015
0.638212
0.207348
0.083740
0.117265
0.851385
0.630583
0.321355
0.581939
0.873009
0.315011
0.097147
0.062746
0.292876
0.475504
0.322648
0.096216
0.785580
0.863941
0.847572
0.783803
0.484819
0.100248
0.902681
0.948353
0.427041
0.513982
0.142462
0.245992
0.041945
0.767106
0.042046
0.650106
0.949047
0.942817
0.066069
0.027765
0.515192
0.686744
0.548907
0.747306
0.415558
0.743799
0.907175
0.182174
0.509236
0.402246
0.588025
0.782978
0.341072
0.409528
0.054024
0.643717
0.949111
0.742987
0.432808
0.850823
0.557671
0.802664
0.853170
0.557502
0.601818
0.283430
0.004900
0.004472
0.653352
0.339540
0.135706
0.702238
0.039369
0.217517
0.712234
0.129950
0.802089
0.573932
0.634564
0.796621
0.981476
0.337649
0.224783
0.246468
0.268335
0.211499
0.253311
0.480730
0.495967
0.357566
0.101145
0.236333
0.668625
0.667356
0.813703
0.175655
0.862389
0.809611
0.643327
0.726684
0.793627
0.785284
0.931600
0.005580
0.821463
0.374100
0.704249
0.330440
0.983272
0.030561
0.328140
0.485640
0.732287
0.612624
0.628309
0.398377
0.674116
0.880625
0.088206
0.239015
0.962077
0.133208
0.965716
0.674063
0.570771
0.737222
0.621625
0.102616
0.218340
0.860364
0.293038
0.317455
0.713688
0.747079
0.206398
0.517337
0.092729
0.997900
0.539571
0.972107
0.060754
0.720899
0.188348
0.404848
0.200840
0.140621
0.925793
0.832781
0.351543
0.211809
0.487901
0.711531
0.598972
0.311724
0.653745
0.472781
0.696715
0.412386
0.499611
0.873669
0.041143
0.955942
0.844037
0.169296
0.012913
0.673549
0.889758
0.264400
0.465741
0.548562
0.595170
0.372551
0.514074
0.261129
0.440025
0.250525
0.046641
0.353031
0.495622
0.021186
0.743729
0.643362
0.392764
0.986584
0.059295
0.908661
0.631649
0.183182
0.562466
0.918730
0.486369
0.119846
0.608615
0.295943
0.811833
0.730023
0.322121
0.907494
0.492851
0.700861
0.432991
0.249915
0.505936
0.004902
0.872860
0.207200
0.289835
0.862471
0.773713
0.402386
0.073562
0.411772
0.568959
0.360177
0.701347
0.091973
0.042109
0.672938
0.256753
0.733799
0.399499
0.913877
0.839630
0.965497
0.739582
0.382170
0.632506
0.330481
0.547807
0.559291
0.682969
0.136178
0.167047
0.706921
0.100045
0.999008
0.664903
0.543560
0.878349
0.691136
0.250205
0.574454
0.554854
0.317136
0.005035
0.601210
0.463190
0.523489
0.233515
0.027091
0.076335
0.047892
0.010710
0.645347
0.677769
0.543338
0.051226
0.474502
0.006902
0.276361
0.600133
0.359210
0.970309
0.981811
0.324255
0.665853
0.594784
0.167880
0.067054
0.159471
0.308488
0.102576
0.230545
0.493803
0.245863
0.064198
0.024335
0.362230
0.468084
0.378633
0.865688
0.516417
0.484033
0.783398
0.662673
0.388716
0.240651
0.830636
0.993390
0.802355
0.035696
0.310135
0.819486
0.378878
0.862052
0.858433
0.632462
0.318349
0.226040
0.143721
0.133947
0.690601
0.649681
0.184014
0.737772
0.218790
0.740480
0.869584
0.509561
0.228029
0.181461
0.298593
0.769890
0.555173
0.028293
0.621095
0.172237
0.662419
0.968697
0.343636
0.371769
0.934175
0.095902
0.122596
0.076929
0.741333
0.197144
0.523895
0.787837
0.417928
0.564054
0.775204
0.939153
0.365057
0.623313
0.123298
0.733081
0.333171
0.276379
0.637931
0.838152
0.471366
0.959486
0.614992
0.599584
0.483581
0.824249
0.208860
0.782153
0.043740
0.014594
0.822082
0.415107
0.977050
0.851401
0.330803
0.821152
0.675999
0.941610
0.495941
0.415358
0.319097
0.912625
0.657706
0.558428
0.513498
0.741253
0.991835
0.923591
0.310330
0.704969
0.369638
0.240771
0.297911
0.979326
0.188715
0.358823
0.558746
0.138586
0.175760
0.195504
0.548080
0.983655
0.712655
0.266565
0.455742
0.861373
0.988647
0.136754
0.374242
0.737296
0.319714
0.996301
0.188958
0.687290
0.368719
0.177956
0.211762
0.933082
0.711367
0.404717
0.854231
0.187714
0.520116
0.317606
0.463304
0.787619
0.911996
0.238460
0.779662
0.097295
0.101559
0.010659
0.742062
0.529646
0.917293
0.427574
0.474763
0.488737
0.014759
0.087657
0.896783
0.663344
0.532088
0.766471
0.706301
0.274635
0.705613
0.145453
0.726639
0.811852
0.920465
0.080111
0.588573
0.274059
0.930503
0.002186
0.254206
0.807017
0.740685
0.247127
0.690927
0.871427
0.597830
0.433948
0.256400
0.823102
0.828752
0.390401
0.303477
0.106167
0.755202
0.443678
0.517327
0.149311
0.824698
0.211119
0.967807
0.320009
0.916559
0.487056
0.269602
0.129948
0.662171
0.630864
0.066035
0.223505
0.280703
0.300145
0.662919
0.413706
0.638177
0.325795
0.652521
0.634607
0.163548
0.487868
0.840626
0.758510
0.562226
0.196959
0.542766
0.617118
0.627740
0.252376
0.619554
0.916232
0.261080
0.380889
0.928167
0.701840
0.824940
0.736826
0.326106
0.652671
0.724083
0.672109
0.811822
0.725971
0.871035
0.759715
0.731507
0.807424
0.593461
0.171381
0.176225
0.306999
0.532997
0.704741
0.423666
0.350743
0.858444
0.732106
0.143468
0.238770
0.160473
0.456940
0.678732
0.730048
0.224070
0.689027
0.534811
0.579552
0.886922
0.930687
0.599561
0.140363
0.769057
0.375706
0.913746
0.643265
0.713244
0.426073
0.181071
0.939399
0.041356
0.829730
0.111151
0.594214
0.936287
0.802270
0.982860
0.705784
0.974839
0.427731
0.640613
0.463604
0.999828
0.158932
0.629072
0.536098
0.425867
0.835878
0.242134
0.264319
0.831715
0.654272
0.647295
0.101336
0.353134
0.570505
0.381603
0.420210
0.843551
0.847417
0.444915
0.409153
0.808837
0.196232
0.650325
0.674330
0.936211
0.851528
0.740169
0.531099
0.864692
0.154595
0.229408
0.997176
0.267309
0.535541
0.475379
0.102794
0.691357
0.144875
0.933491
0.786170
0.124470
0.413817
0.317954
0.216527
0.608076
0.535916
0.114382
0.355594
0.719495
0.271714
0.088946
0.037976
0.400923
0.485206
0.100701
0.000465
0.373904
0.025839
0.479736
0.905500
0.901257
0.225024
0.101279
0.864974
0.774131
0.129579
0.573632
0.869127
0.416746
0.902081
0.915273
0.765547
0.839466
0.919142
0.310872
0.875718
0.644109
0.068334
0.224818
0.390553
0.341925
0.633990
0.409056
0.945057
0.157568
0.217344
0.000397
0.118000
0.049924
0.812775
0.474760
0.772636
0.042685
0.214748
0.452586
0.432551
0.859241
0.416714
0.218395
0.957711
0.895523
0.797576
0.877215
0.557658
0.119514
0.775760
0.478175
0.576443
0.907316
0.128410
0.686411
0.787107
0.751227
0.564418
0.351435
0.659024
0.658688
0.022983
0.641807
0.601106
0.164520
0.835913
0.885665
0.467788
0.017798
0.242696
0.968936
0.917741
0.750247
0.071064
0.711274
0.282107
0.592913
0.767498
0.582709
0.282919
0.602363
0.328668
0.925256
0.924971
0.543108
0.535498
0.510385
0.435196
0.422454
0.970513
0.744780
0.357236
0.571380
0.705423
0.488054
0.866478
0.095660
0.360187
0.629413
0.046369
0.413921
0.724717
0.513958
0.424234
0.348470
0.057825
0.637898
0.445537
0.072015
0.332214
0.832899
0.393647
0.136016
0.048830
0.902384
0.039674
0.092651
0.772711
0.030487
0.502355
0.238333
0.064697
0.936256
0.777037
0.007234
0.760067
0.554893
0.834640
0.995637
0.740034
0.389779
0.855030
0.363432
0.328301
0.905473
0.647044
0.015367
0.555661
0.864462
0.340616
0.096648
0.707618
0.949416
0.197174
0.746514
0.589880
0.317204
0.341853
0.539330
0.742525
0.959501
0.548604
0.828592
0.454731
0.879290
0.301892
0.890749
0.769010
0.558669
0.392082
0.979852
0.062120
0.783276
0.016435
0.639333
0.862363
0.835433
0.408774
0.153563
0.215985
0.841639
0.310597
0.031006
0.350952
0.684808
0.403899
0.041498
0.294447
0.324555
0.426161
0.598834
0.539935
0.132340
0.928686
0.772075
0.967796
0.390959
0.667679
0.386563
0.015653
0.975059
0.110496
0.683190
0.432846
0.224388
0.331859
0.249980
0.719020
0.515633
0.888912
0.304112
0.063244
0.381993
0.954961
0.083647
0.369276
0.278260
0.808072
0.914071
0.957408
0.976057
0.419687
0.800843
0.913882
0.695487
0.354964
0.862590
0.088105
0.025420
0.919165
0.077427
0.167597
0.993025
0.302203
0.019155
0.713019
0.307804
0.082063
0.519375
0.347950
0.744430
0.887327
0.087954
0.809222
0.750244
0.753033
0.364535
0.956588
0.717918
0.117604
0.080380
0.566996
0.874176
0.000960
0.992124
0.953581
0.589213
0.517297
0.963825
0.568352
0.684078
0.463692
0.451449
0.813316
0.934417
0.693175
0.988485
0.741940
0.096841
0.710601
0.386019
0.944139
0.180098
0.260224
0.297504
0.325468
0.431360
0.499375
0.582737
0.339599
0.598978
0.656699
0.988955
0.247823
0.723021
0.895115
0.173551
0.977413
0.690904
0.175525
0.174822
0.697925
0.379710
0.847638
0.156243
0.605109
0.514282
0.993783
0.546297
0.391106
0.563909
0.747994
0.341984
0.368075
0.545910
0.778458
0.186125
0.645480
0.433112
0.658122
0.970254
0.246594
0.934668
0.353008
0.297247
0.945069
0.489246
0.106419
0.612928
0.066931
0.826427
0.158869
0.684347
0.520367
0.942635
0.842168
0.872310
0.178376
0.222770
0.006176
0.222079
0.784718
0.658870
0.153718
0.791698
0.822649
0.591652
0.830796
0.080422
0.020149
0.750849
0.293314
0.610450
0.390660
0.979260
0.149580
0.795463
0.568986
0.537728
0.837248
0.110909
0.797365
0.789775
0.743181
0.229057
0.555217
0.538883
0.985965
0.401513
0.616580
0.930965
0.373134
0.555032
0.158224
0.175076
0.882099
0.652181
0.469047
0.258255
0.033058
0.449380
0.489322
0.905130
0.896120
0.122325
0.432557
0.757782
0.494661
0.759914
0.883862
0.009139
0.749358
0.299501
0.942544
0.102420
0.414376
0.761942
0.260714
0.280132
0.060889
0.243894
0.910189
0.445906
0.803459
0.547474
0.887082
0.703857
0.919975
0.134838
0.201917
0.833528
0.798106
0.598085
0.144491
0.964055
0.799949
0.498352
0.268380
0.707728
0.457557
0.707956
0.509527
0.190248
0.481673
0.369838
0.387755
0.003462
0.389296
0.973178
0.084711
0.145403
0.666765
0.840218
0.892132
0.546349
0.766426
0.600212
0.456036
0.492973
0.892266
0.777916
0.196934
0.730951
0.868143
0.657999
0.472301
0.699935
0.479186
0.396059
0.842848
0.361929
0.505962
0.443284
0.945488
0.696314
0.604758
0.380395
0.345398
0.550458
0.303432
0.144256
0.101736
0.520435
0.614198
0.844684
0.142555
0.597362
0.287435
0.987702
0.938940
0.372548
0.308676
0.375711
0.562150
0.959051
0.891286
0.774939
0.584107
0.211577
0.017571
0.198485
0.003212
0.877548
0.690664
0.153185
0.531677
0.178088
0.234509
0.199201
0.073591
0.245689
0.981742
0.435528
0.345729
0.343718
0.369279
0.064169
0.381649
0.855536
0.401490
0.116130
0.183009
0.113568
0.045334
0.909562
0.018511
0.841286
0.792527
0.414256
0.489828
0.022648
0.950870
0.051816
0.188552
0.136999
0.056254
0.636008
0.704250
0.011943
0.986362
0.755292
0.290324
0.502133
0.066108
0.448330
0.346415
0.994520
0.395010
0.156176
0.207572
0.956931
0.529616
0.070349
0.980722
0.313586
0.449527
0.344574
0.134691
0.266528
0.425129
0.747947
0.422296
0.811490
0.251437
0.070926
0.550710
0.419877
0.877277
0.830201
0.455709
0.898549
0.438568
0.329810
0.398764
0.452986
0.715401
0.036811
0.748454
0.798715
0.298985
0.870907
0.007300
0.413098
0.306020
0.054614
0.609955
0.664057
0.669417
0.771200
0.732279
0.892765
0.033490
0.155764
0.400088
0.872278
0.601245
0.523073
0.405666
0.898934
0.883055
0.994973
0.590094
0.243173
0.455773
0.472700
0.213523
0.816616
0.138335
0.135306
0.934342
0.870249
0.941089
0.921604
0.313249
0.289224
0.364655
0.171567
0.571574
0.426765
0.302175
0.847870
0.884709
0.710021
0.355072
0.193084
0.970619
0.848330
0.470118
0.822325
0.950390
0.094397
0.559810
0.683064
0.349038
0.075013
0.676035
0.213628
0.805090
0.998078
0.188436
0.196300
0.436724
0.987576
0.853730
0.591445
0.854456
0.701771
0.702113
0.665330
0.518769
0.815997
0.713190
0.426788
0.646090
0.952560
0.799519
0.434765
0.295249
0.962910
0.141392
0.457579
0.142597
0.891532
0.246574
0.280747
0.731451
0.045076
0.760791
0.497031
0.455060
0.970354
0.415687
0.630212
0.843474
0.985608
0.534928
0.880178
0.338395
0.439588
0.604984
0.448055
0.562321
0.278936
0.116192
0.461827
0.970835
0.730648
0.360724
0.272835
0.806250
0.154655
0.131766
0.943400
0.668707
0.794618
0.064004
0.877659
0.005394
0.261850
0.335874
0.673357
0.021368
0.983400
0.940483
0.610710
0.152546
0.795715
0.825527
0.056183
0.537056
0.630007
0.288045
0.859879
0.310511
0.290885
0.374696
0.553581
0.235968
0.098165
0.542945
0.813293
0.872059
0.885218
0.195601
0.560888
0.482543
0.287660
0.819769
0.013499
0.734044
0.581313
0.486444
0.679713
0.338858
0.657007
0.738772
0.125826
0.214041
0.397972
0.907096
0.409356
0.924833
0.916670
0.562390
0.261229
0.376040
0.219760
0.453170
0.826775
0.119094
0.591281
0.307621
0.680660
0.117139
0.886058
0.973876
0.318898
0.349276
0.614179
0.673537
0.571886
0.272704
0.983118
0.795674
0.715239
0.871051
0.156663
0.710251
0.020082
0.988939
0.134549
0.246522
0.461348
0.978819
0.097923
0.696376
0.842889
0.673291
0.469267
0.238615
0.684926
0.899522
0.338863
0.269887
0.068130
0.171866
0.125619
0.287373
0.287891
0.991101
0.537741
0.352724
0.503417
0.047039
0.127419
0.777353
0.544739
0.300798
0.234921
0.479849
0.606643
0.346237
0.084102
0.081036
0.754832
0.657417
0.208727
0.848739
0.903660
0.535362
0.266353
0.526095
0.091348
0.033808
0.566478
0.641222
0.773367
0.553299
0.381587
0.517041
0.679018
0.745708
0.463040
0.087672
0.079366
0.560813
0.232339
0.807194
0.936661
0.199694
0.291608
0.573289
0.279144
0.881979
0.265639
0.267142
0.799104
0.910597
0.153719
0.849240
0.324160
0.891977
0.210356
0.217134
0.180284
0.583233
0.424321
0.506205
0.585516
0.138026
0.454713
0.275369
0.706621
0.940002
0.487258
0.417157
0.160329
0.314543
0.965737
0.408761
0.086787
0.080561
0.172928
0.698223
0.460596
0.811876
0.885768
0.805465
0.254179
0.922181
0.834346
0.293085
0.806159
0.017854
0.353809
0.007018
0.254381
0.895789
0.123652
0.876806
0.716845
0.350296
0.497534
0.554892
0.871703
0.762152
0.254269
0.229481
0.395008
0.097867
0.757974
0.235983
0.260241
0.951692
0.443614
0.189619
0.857077
0.441317
0.312916
0.909684
0.643864
0.184147
0.136768
0.567641
0.340450
0.471939
0.272393
0.796367
0.255830
0.959073
0.677147
0.251959
0.157796
0.186375
0.784891
0.033604
0.824045
0.541316
0.932413
0.303231
0.544443
0.293111
0.903577
0.127879
0.677443
0.732527
0.003820
0.203996
0.465124
0.944464
0.593940
0.734286
0.785413
0.227962
0.110602
0.707659
0.750389
0.418135
0.894335
0.774142
0.573032
0.386123
0.155297
0.895385
0.203853
0.735680
0.944047
0.794397
0.555434
0.388057
0.788504
0.222637
0.740660
0.730025
0.982843
0.327430
0.339804
0.023737
0.907240
0.405460
0.822819
0.841757
0.546331
0.271698
0.122180
0.946769
0.388915
0.957843
0.857255
0.818088
0.036418
0.878692
0.333599
0.856098
0.161236
0.976564
0.208680
0.538908
0.710796
0.182505
0.762649
0.866598
0.809289
0.109593
0.115455
0.550909
0.882853
0.848582
0.477302
0.930836
0.663346
0.070560
0.977949
0.961092
0.129735
0.765639
0.975857
0.003024
0.260046
0.075502
0.303189
0.307080
0.539360
0.124883
0.268306
0.524210
0.604696
0.637182
0.844081
0.338260
0.001496
0.874273
0.449222
0.804905
0.495051
0.488530
0.656908
0.323336
0.828842
0.735751
0.752542
0.776753
0.836633
0.353643
0.793409
0.262397
0.803833
0.457511
0.905479
0.438106
0.910065
0.804277
0.864240
0.515753
0.421645
0.756147
0.811978
0.357192
0.132285
0.889337
0.018313
0.911611
0.109352
0.512280
0.686768
0.408212
0.057250
0.002953
0.030300
0.341220
0.005027
0.292811
0.026328
0.424091
0.041719
0.903204
0.310046
0.533111
0.018198
0.231345
0.206557
0.081799
0.692174
0.632293
0.659012
0.477482
0.435445
0.905066
0.234644
0.789256
0.514818
0.377576
0.341905
0.399586
0.038439
0.586478
0.488256
0.829710
0.883621
0.978798
0.004828
0.901338
0.940057
0.549805
0.367283
0.044263
0.590230
0.303166
0.811804
0.336168
0.801159
0.777184
0.120400
0.457597
0.905831
0.759861
0.419434
0.139861
0.131187
0.008349
0.750925
0.926655
0.657969
0.270024
0.621669
0.537191
0.606954
0.955775
0.574383
0.076864
0.068775
0.896641
0.179623
0.691359
0.193432
0.922180
0.158230
0.310646
0.131904
0.136058
0.799612
0.491990
0.319486
0.883962
0.370352
0.487773
0.083685
0.092414
0.628680
0.557724
0.122909
0.626941
0.831250
0.105288
0.957770
0.580750
0.332250
0.979432
0.377931
0.791586
0.137119
0.419510
0.433758
0.615377
0.952069
0.861661
0.774284
0.718377
0.353123
0.718211
0.783727
0.065432
0.588082
0.632579
0.186372
0.194709
0.058254
0.118592
0.355312
0.632806
0.775852
0.533527
0.931380
0.441826
0.941298
0.775700
0.871924
0.093428
0.150178
0.696172
0.085480
0.748204
0.061037
0.571248
0.429448
0.128446
0.176060
0.788473
0.021377
0.323896
0.571841
0.861596
0.138340
0.238535
0.210992
0.854688
0.362147
0.553708
0.059728
0.169975
0.241287
0.996670
0.735298
0.810694
0.072795
0.313974
0.638461
0.035707
0.775988
0.910465
0.892148
0.220741
0.764080
0.441138
0.133933
0.892224
0.001674
0.513071
0.593435
0.899931
0.107871
0.341091
0.947419
0.444604
0.341460
0.654691
0.996974
0.574817
0.680692
0.090010
0.540268
0.578252
0.998220
0.545452
0.829256
0.195870
0.513792
0.496188
0.461255
0.141123
0.569314
0.754693
0.161975
0.294123
0.143244
0.395504
0.874060
0.896111
0.333527
0.510593
0.222313
0.732450
0.339581
0.325148
0.657322
0.976249
0.713591
0.890464
0.961590
0.599965
0.362723
0.680434
0.174364
0.645452
0.536373
0.644410
0.795760
0.245473
0.593481
0.295012
0.684387
0.109039
0.058555
0.015911
0.492317
0.865073
0.149086
0.746311
0.270212
0.830814
0.135693
0.278800
0.093896
0.819620
0.842091
0.934808
0.108313
0.464765
0.547335
0.888335
0.050232
0.830764
0.319977
0.593837
0.281408
0.940252
0.499545
0.090343
0.443391
0.556848
0.046940
0.229522
0.467659
0.733145
0.182599
0.458299
0.264090
0.289259
0.179555
0.085378
0.902476
0.025341
0.923716
0.136188
0.088019
0.924010
0.675698
0.854386
0.716978
0.160348
0.431846
0.839244
0.057062
0.986180
0.204384
0.954409
0.968833
0.380008
0.566710
0.317257
0.246387
0.183443
0.833650
0.636802
0.855805
0.949823
0.852235
0.351141
0.377801
0.984154
0.638403
0.425004
0.853627
0.765180
0.933489
0.498359
0.921373
0.752368
0.721163
0.626700
0.250715
0.869572
0.432478
0.671986
0.591157
0.077900
0.462449
0.531995
0.647939
0.967902
0.897175
0.389631
0.819699
0.977432
0.438947
0.620111
0.083946
0.662246
0.502978
0.289283
0.545159
0.619482
0.088786
0.990246
0.125246
0.627717
0.544057
0.040684
0.295805
0.991194
0.171769
0.428261
0.554171
0.278163
0.380522
0.262899
0.255751
0.819029
0.063770
0.645139
0.915179
0.926026
0.637728
0.694132
0.893277
0.976137
0.588273
0.887795
0.958206
0.410592
0.955250
0.966140
0.053614
0.884660
0.158297
0.905832
0.969191
0.348088
0.653880
0.575083
0.640238
0.030581
0.144832
0.108621
0.172116
0.704565
0.387258
0.530915
0.384570
0.700522
0.545205
0.178174
0.304014
0.188617
0.105337
0.081976
0.195290
0.570456
0.395966
0.805948
0.216768
0.632617
0.220737
0.577442
0.148383
0.205710
0.591048
0.898574
0.485178
0.570881
0.428052
0.387645
0.570356
0.091466
0.406151
0.452741
0.892579
0.576671
0.662034
0.731339
0.533404
0.178315
0.607489
0.052748
0.894025
0.293320
0.188706
0.400707
0.466891
0.279524
0.297994
0.176025
0.310136
0.452738
0.796578
0.552970
0.897266
0.250821
0.733128
0.880495
0.729368
0.095279
0.518460
0.830068
0.798069
0.006633
0.548664
0.059022
0.121754
0.101282
0.826027
0.622686
0.907598
0.873229
0.081870
0.087756
0.460900
0.899821
0.559311
0.786986
0.744217
0.119086
0.183354
0.588593
0.107672
0.643369
0.206776
0.941300
0.516362
0.494363
0.195133
0.311566
0.861994
0.492024
0.974756
0.531989
0.624553
0.083443
0.762576
0.970436
0.279026
0.256661
0.653840
0.886541
0.400809
0.853157
0.026979
0.976492
0.361134
0.829344
0.189649
0.753536
0.854246
0.453416
0.155108
0.472017
0.946496
0.432006
0.063680
0.409265
0.751017
0.045213
0.341867
0.357307
0.369112
0.233072
0.029064
0.387443
0.133936
0.719044
0.579562
0.098064
0.947915
0.969323
0.302635
0.960715
0.244428
0.498700
0.385590
0.337975
0.272557
0.730939
0.672901
0.229525
0.289431
0.717832
0.433971
0.239446
0.797967
0.787465
0.730135
0.938459
0.778608
0.002737
0.111323
0.277243
0.091305
0.163421
0.240696
0.003737
0.644382
0.803745
0.887724
0.107298
0.821408
0.075468
0.195605
0.001304
0.413209
0.025836
0.108639
0.270268
0.410571
0.537959
0.817767
0.147958
0.483580
0.481079
0.647750
0.533261
0.455306
0.607807
0.931240
0.686747
0.528624
0.365013
0.324991
0.860452
0.915208
0.872402
0.519212
0.857912
0.156325
0.229699
0.993463
0.474585
0.730746
0.116756
0.424260
0.652107
0.206486
0.794135
0.314762
0.103074
0.962406
0.097403
0.740033
0.333860
0.022204
0.960293
0.477678
0.182780
0.398571
0.524027
0.508450
0.956463
0.060761
0.636114
0.594789
0.541183
0.768903
0.445773
0.798707
0.218497
0.715035
0.177989
0.419584
0.108202
0.630363
0.737833
0.466363
0.796930
0.047875
0.640838
0.118942
0.284132
0.712855
0.028585
0.982924
0.188303
0.638238
0.375019
0.133818
0.512082
0.466371
0.151249
0.797259
0.029153
0.402166
0.775643
0.023128
0.422612
0.036360
0.214198
0.758913
0.009405
0.365489
0.572534
0.565791
0.747341
0.626561
0.676631
0.069252
0.634030
0.263669
0.739063
0.453787
0.492432
0.463953
0.582978
0.456394
0.405744
0.338411
0.938006
0.843842
0.287527
0.378415
0.966143
0.558995
0.258577
0.098507
0.611952
0.775535
0.048248
0.235900
0.106822
0.246114
0.872256
0.313121
0.953629
0.421874
0.477454
0.397236
0.396687
0.489489
0.524215
0.171223
0.923405
0.874634
0.783901
0.802963
0.645521
0.778443
0.408845
0.045892
0.536490
0.674223
0.818843
0.889255
0.517646
0.647469
0.914315
0.803357
0.461162
0.476773
0.675426
0.253144
0.102937
0.774673
0.910522
0.481109
0.495525
0.058861
0.075534
0.964564
0.207056
0.812033
0.203817
0.527625
0.889310
0.853861
0.153282
0.097704
0.709972
0.316806
0.402649
0.878373
0.215713
0.439931
0.935494
0.012036
0.734146
0.997560
0.458715
0.050009
0.454742
0.532695
0.926067
0.397339
0.850081
0.727837
0.258623
0.434690
0.011556
0.040184
0.178661
0.321826
0.876177
0.882340
0.130085
0.745058
0.555288
0.310246
0.613437
0.311967
0.931905
0.686021
0.116797
0.404385
0.511113
0.124780
0.601876
0.878176
0.211493
0.873156
0.254322
0.149674
0.744032
0.404303
0.222890
0.230060
0.105829
0.109807
0.577052
0.123317
0.354190
0.895097
0.741197
0.773860
0.137325
0.827842
0.974358
0.713554
0.722794
0.775609
0.690272
0.195307
0.830081
0.813505
0.070655
0.740710
0.247126
0.674607
0.213153
0.551405
0.511722
0.608802
0.641373
0.562626
0.121755
0.589271
0.389512
0.442280
0.191897
0.314205
0.053672
0.305939
0.716537
0.420077
0.571923
0.170076
0.220695
0.730599
0.383655
0.504480
0.091403
0.666794
0.831610
0.435335
0.033316
0.892964
0.349489
0.145216
0.507527
0.022903
0.049488
0.360620
0.343959
0.690166
0.294459
0.809887
0.677962
0.182701
0.236956
0.894467
0.921689
0.311557
0.281898
0.890346
0.182539
0.248561
0.060270
0.970775
0.669106
0.124845
0.874942
0.295919
0.890053
0.616007
0.659255
0.117732
0.138838
0.401496
0.981335
0.748913
0.457323
0.260170
0.235438
0.894327
0.607458
0.055129
0.521806
0.186651
0.617151
0.249450
0.962463
0.179488
0.139729
0.650702
0.652204
0.793798
0.114660
0.742517
0.518470
0.351648
0.821749
0.385807
0.835798
0.742564
0.104755
0.912149
0.811724
0.081227
0.328060
0.934376
0.466870
0.153687
0.116828
0.425131
0.603278
0.002837
0.517404
0.967105
0.508117
0.531362
0.670847
0.160373
0.241557
0.617994
0.250959
0.945421
0.696015
0.311292
0.697090
0.034935
0.351715
0.653612
0.535369
0.487995
0.722861
0.031672
0.223106
0.887188
0.400837
0.776165
0.063564
0.115081
0.492702
0.878697
0.452397
0.226132
0.500436
0.091736
0.707031
0.878369
0.340968
0.740929
0.266850
0.252239
0.886910
0.492235
0.970785
0.858907
0.883661
0.822551
0.303243
0.463189
0.225169
0.641997
0.439538
0.386082
0.469395
0.282788
0.000982
0.634121
0.270825
0.029847
0.335369
0.809069
0.915780
0.603977
0.926733
0.858704
0.386224
0.685678
0.347152
0.922383
0.054696
0.997853
0.251007
0.487236
0.022635
0.398288
0.773272
0.299899
0.209408
0.306811
0.751358
0.302390
0.413179
0.404308
0.134223
0.740169
0.957618
0.903036
0.094529
0.311081
0.803871
0.618608
0.013047
0.049020
0.238211
0.676954
0.101742
0.650622
0.280866
0.628322
0.840112
0.115146
0.788224
0.059431
0.611530
0.912976
0.089048
0.662630
0.830071
0.427578
0.518677
0.076546
0.726494
0.194060
0.393830
0.272126
0.463344
0.852295
0.378790
0.269000
0.948230
0.061899
0.199689
0.747648
0.298536
0.871735
0.880420
0.314129
0.359043
0.187207
0.839841
0.229957
0.801476
0.505674
0.670679
0.251847
0.761830
0.570874
0.035041
0.995554
0.854708
0.779288
0.034984
0.999945
0.109086
0.567992
0.834893
0.480500
0.437675
0.238147
0.606299
0.418617
0.511985
0.281717
0.979502
0.572355
0.993326
0.402222
0.820506
0.118193
0.791502
0.959794
0.683237
0.326704
0.366118
0.122538
0.229932
0.195425
0.643633
0.117737
0.114941
0.025198
0.654533
0.475533
0.147678
0.277012
0.427268
0.875205
0.399487
0.034855
0.132713
0.920051
0.804984
0.989898
0.586692
0.738356
0.715479
0.644022
0.253490
0.024261
0.837796
0.257486
0.868440
0.135485
0.352462
0.982166
0.264452
0.643312
0.319865
0.052253
0.367037
0.047455
0.430509
0.386028
0.941030
0.043716
0.971329
0.504985
0.512752
0.762994
0.162509
0.947579
0.142012
0.144692
0.279592
0.768739
0.574020
0.936111
0.827385
0.524399
0.500153
0.100615
0.683104
0.701617
0.898169
0.711890
0.174836
0.742256
0.813446
0.810595
0.944035
0.921966
0.235444
0.306481
0.899664
0.246565
0.831298
0.637371
0.393092
0.836075
0.178433
0.244770
0.790699
0.594040
0.809068
0.020117
0.142480
0.366738
0.092663
0.916220
0.329135
0.851145
0.234381
0.168776
0.815178
0.615454
0.967939
0.795646
0.175649
0.380028
0.950152
0.317496
0.748293
0.788537
0.266230
0.211642
0.344808
0.895020
0.145041
0.048904
0.061225
0.823925
0.539542
0.402029
0.227084
0.477730
0.538963
0.779876
0.022868
0.199288
0.263067
0.409751
0.508767
0.111350
0.504939
0.562054
0.852294
0.019325
0.893541
0.140310
0.959699
0.194563
0.564781
0.849689
0.352988
0.174101
0.164609
0.135644
0.554886
0.597095
0.224911
0.497776
0.488674
0.672805
0.576816
0.233088
0.963535
0.190893
0.385758
0.404330
0.169297
0.640620
0.434065
0.917921
0.295438
0.206074
0.318628
0.381244
0.550852
0.504606
0.554994
0.503889
0.138677
0.898330
0.557330
0.872596
0.685531
0.619378
0.126001
0.042639
0.062119
0.425019
0.170560
0.215927
0.026650
0.012292
0.301285
0.072032
0.131412
0.562387
0.879130
0.877001
0.396050
0.738611
0.937876
0.771930
0.884677
0.914412
0.804450
0.019605
0.877048
0.689179
0.599570
0.095167
0.649275
0.208697
0.378108
0.101632
0.839049
0.091413
0.113865
0.620010
0.569913
0.938589
0.552439
0.247166
0.082325
0.232259
0.589357
0.540896
0.870294
0.894588
0.053147
0.377694
0.937732
0.558543
0.745517
0.901172
0.718261
0.794908
0.499982
0.488995
0.139736
0.410646
0.401166
0.311733
0.997923
0.093912
0.260573
0.929566
0.697340
0.693639
0.499175
0.973854
0.830902
0.929556
0.014711
0.846074
0.938315
0.876839
0.586025
0.785137
0.055179
0.528046
0.414520
0.791956
0.533209
0.955503
0.879252
0.431106
0.185810
0.517038
0.582045
0.180171
0.814402
0.122714
0.676210
0.720476
0.703464
0.257160
0.451907
0.237237
0.809875
0.537076
0.067294
0.133859
0.809281
0.133557
0.874623
0.539202
0.148709
0.536890
0.974273
0.694752
0.309297
0.686450
0.505958
0.205553
0.480660
0.900893
0.439250
0.089404
0.707761
0.696206
0.403265
0.987987
0.897064
0.433722
0.831034
0.152378
0.042429
0.033252
0.371735
0.906631
0.684795
0.111646
0.684224
0.324052
0.112054
0.530793
0.938648
0.601359
0.498740
0.253264
0.897860
0.008618
0.703817
0.034139
0.897015
0.309967
0.298285
0.871142
0.192529
0.511391
0.501476
0.669609
0.580759
0.667771
0.101023
0.729993
0.835012
0.338217
0.092661
0.927309
0.587977
0.303442
0.037639
0.655723
0.631840
0.671306
0.393635
0.325136
0.521887
0.274698
0.134575
0.483668
0.555312
0.920443
0.706859
0.028730
0.685943
0.686142
0.908172
0.409903
0.097787
0.081737
0.988322
0.100310
0.928808
0.319757
0.039174
0.616191
0.028811
0.785098
0.455561
0.989180
0.314512
0.817168
0.283724
0.015148
0.439431
0.454927
0.350819
0.213696
0.004183
0.495639
0.028160
0.634153
0.476067
0.156968
0.604840
0.196993
0.091307
0.907434
0.259198
0.508513
0.397674
0.059755
0.669249
0.079021
0.847972
0.717227
0.407055
0.015815
0.542287
0.366920
0.538194
0.573499
0.782546
0.647373
0.276684
0.859503
0.262266
0.577254
0.483177
0.834653
0.166403
0.676947
0.728845
0.142473
0.058393
0.841772
0.767251
0.913604
0.288457
0.104257
0.679198
0.274238
0.335760
0.505344
0.060091
0.167743
0.559654
0.023897
0.691709
0.293098
0.642338
0.127493
0.332383
0.394335
0.086173
0.904067
0.401545
0.570633
0.646276
0.648709
0.359274
0.036379
0.247147
0.391446
0.932802
0.569961
0.289250
0.960625
0.720747
0.646158
0.321323
0.914612
0.315798
0.132389
0.159050
0.421466
0.079940
0.292986
0.422211
0.375082
0.579744
0.202367
0.325405
0.789320
0.149714
0.047559
0.741593
0.592784
0.225896
0.503838
0.244690
0.155509
0.456889
0.053823
0.228445
0.856909
0.840140
0.183003
0.739496
0.080025
0.207496
0.271574
0.232542
0.926860
0.704691
0.771761
0.213723
0.981324
0.952136
0.899751
0.083945
0.829424
0.999217
0.606170
0.376597
0.331850
0.729317
0.260759
0.644945
0.132043
0.429215
0.122943
0.018817
0.422535
0.765348
0.947646
0.201827
0.484654
0.716880
0.361250
0.870056
0.456019
0.944869
0.577341
0.106290
0.922905
0.693228
0.185052
0.823632
0.949804
0.668479
0.714058
0.621363
0.104631
0.276727
0.698571
0.817403
0.586400
0.811397
0.377604
0.724717
0.007609
0.349217
0.846911
0.396404
0.289238
0.000523
0.518325
0.034349
0.513845
0.686460
0.500434
0.757423
0.057877
0.072933
0.436538
0.627949
0.843001
0.986059
0.040933
0.900805
0.015644
0.714599
0.988619
0.275892
0.468538
0.118705
0.520115
0.058943
0.749531
0.619995
0.593252
0.489183
0.982685
0.415519
0.724933
0.001812
0.208970
0.422440
0.452190
0.632474
0.252776
0.543795
0.513487
0.381372
0.155551
0.307214
0.290256
0.219269
0.328421
0.983074
0.177094
0.949355
0.350421
0.262255
0.848875
0.325630
0.704441
0.687925
0.682107
0.047801
0.552184
0.572798
0.129341
0.744961
0.660078
0.907065
0.145761
0.017089
0.078842
0.425900
0.085742
0.429875
0.185860
0.676893
0.297446
0.806990
0.546140
0.217429
0.350936
0.292193
0.231480
0.142725
0.729211
0.116879
0.810165
0.547398
0.815542
0.036282
0.972641
0.345134
0.482666
0.073584
0.629494
0.460418
0.820584
0.702665
0.097225
0.053645
0.546725
0.602697
0.594531
0.917669
0.051405
0.286255
0.353483
0.510359
0.602423
0.854404
0.943271
0.004173
0.615972
0.486384
0.371224
0.642303
0.909401
0.621910
0.444473
0.225151
0.545180
0.078207
0.950801
0.962500
0.340524
0.573269
0.856884
0.701993
0.551056
0.862314
0.249700
0.739191
0.649492
0.131869
0.035264
0.881085
0.165628
0.860489
0.376073
0.590945
0.990420
0.289892
0.387112
0.399765
0.055378
0.482030
0.558726
0.558076
0.064078
0.706935
0.085609
0.066743
0.475826
0.753791
0.754404
0.178828
0.416327
0.017796
0.795914
0.661286
0.626738
0.230491
0.177764
0.361398
0.124820
0.050993
0.840386
0.191757
0.489475
0.489648
0.851360
0.301556
0.025292
0.163791
0.190079
0.385606
0.376314
0.322533
0.132876
0.938823
0.203215
0.985986
0.887498
0.615523
0.463286
0.670482
0.953316
0.110913
0.793357
0.333079
0.483572
0.766544
0.865658
0.928752
0.105547
0.865677
0.974750
0.874556
0.011501
0.898451
0.660481
0.404792
0.456746
0.348206
0.009241
0.603294
0.597400
0.374660
0.393474
0.931168
0.239828
0.888728
0.951759
0.040942
0.363896
0.116814
0.832199
0.603882
0.176973
0.609690
0.038875
0.733679
0.364697
0.156678
0.029541
0.394979
0.989136
0.146932
0.841278
0.089031
0.464270
0.911144
0.625792
0.233926
0.992036
0.438402
0.706737
0.046958
0.502714
0.012412
0.693528
0.043343
0.052198
0.659114
0.518495
0.364329
0.610485
0.247934
0.060325
0.717584
0.982167
0.030611
0.521150
0.637445
0.780382
0.384549
0.812088
0.192047
0.520891
0.633795
0.605561
0.541612
0.398145
0.563236
0.057140
0.373353
0.806218
0.651556
0.308959
0.539596
0.489831
0.864068
0.780810
0.098361
0.756570
0.794033
0.044731
0.262604
0.486976
0.631217
0.601788
0.081472
0.454339
0.165661
0.013984
0.193746
0.979800
0.575267
0.579982
0.725783
0.217578
0.752641
0.363951
0.603967
0.423071
0.765646
0.768850
0.485244
0.340562
0.085151
0.181385
0.749882
0.994940
0.618017
0.630261
0.012663
0.081270
0.536006
0.380859
0.757795
0.723591
0.564962
0.499518
0.447480
0.196192
0.618195
0.197194
0.349402
0.252996
0.723318
0.098338
0.865882
0.030952
0.414243
0.836762
0.766770
0.518032
0.837081
0.086492
0.277797
0.489628
0.666903
0.519232
0.973958
0.389132
0.354846
0.948243
0.895128
0.825827
0.658696
0.397585
0.645598
0.032706
0.034966
0.090855
0.286559
0.306544
0.073029
0.306973
0.652468
0.591442
0.340532
0.651312
0.004042
0.729127
0.001327
0.428104
0.806446
0.756274
0.234307
0.397561
0.780396
0.498391
0.676840
0.571290
0.049881
0.479116
0.834353
0.776278
0.677214
0.114887
0.256233
0.821117
0.776979
0.187613
0.874606
0.942252
0.402584
0.294704
0.706397
0.998876
0.568798
0.767449
0.309202
0.869952
0.348078
0.337640
0.874390
0.699717
0.141536
0.567959
0.362023
0.918306
0.224294
0.925642
0.795793
0.498431
0.935779
0.060844
0.322595
0.785688
0.253386
0.560342
0.466683
0.774920
0.910417
0.521768
0.169227
0.792806
0.707785
0.614784
0.829459
0.589858
0.819946
0.448473
0.329671
0.200986
0.008060
0.406926
0.430513
0.235321
0.885072
0.762343
0.993992
0.857915
0.778033
0.405852
0.153589
0.527368
0.669287
0.781378
0.508891
0.836453
0.650313
0.920061
0.812436
0.553098
0.739094
0.479616
0.778012
0.003016
0.178744
0.319506
0.756652
0.496466
0.892306
0.472240
0.735622
0.255287
0.968921
0.069206
0.519476
0.024768
0.094715
0.694409
0.986884
0.624261
0.575534
0.478055
0.678921
0.870257
0.857884
0.398117
0.664755
0.865405
0.854517
0.639755
0.301111
0.767380
0.096819
0.853394
0.247979
0.117412
0.998389
0.775129
0.549555
0.469614
0.297739
0.777705
0.466659
0.360716
0.575080
0.929788
0.256241
0.206478
0.680408
0.382785
0.043512
0.475689
0.132688
0.282619
0.579923
0.200757
0.235545
0.500141
0.792267
0.403213
0.934569
0.293222
0.290445
0.636981
0.365232
0.342882
0.255387
0.022538
0.291270
0.506394
0.094005
0.828438
0.717422
0.761178
0.684558
0.748724
0.241046
0.129370
0.540618
0.252748
0.387950
0.118565
0.075356
0.996019
0.646780
0.246117
0.902294
0.824978
0.575450
0.223490
0.628455
0.967416
0.055179
0.363828
0.635013
0.948325
0.289790
0.003171
0.921029
0.386340
0.802856
0.064891
0.900188
0.782141
0.855358
0.376103
0.522137
0.594491
0.451536
0.080440
0.878552
0.929102
0.318233
0.858113
0.387550
0.644951
0.964972
0.345960
0.582812
0.855578
0.274531
0.806230
0.576871
0.551412
0.119306
0.160751
0.159959
0.424977
0.471822
0.000561
0.177541
0.151300
0.461559
0.167852
0.642009
0.609016
0.279385
0.209221
0.527047
0.813768
0.518539
0.944597
0.423405
0.220243
0.635849
0.910588
0.943632
0.037390
0.322653
0.682146
0.015368
0.842727
0.622057
0.330318
0.994069
0.701250
0.486606
0.816409
0.602694
0.443902
0.977910
0.986950
0.807103
0.220822
0.920511
0.151033
0.105014
0.898980
0.600268
0.139175
0.235262
0.680879
0.548590
0.604256
0.895989
0.645163
0.769904
0.232955
0.562165
0.395010
0.392802
0.158423
0.590164
0.821615
0.406518
0.245489
0.248677
0.592338
0.844142
0.722242
0.808678
0.666987
0.774418
0.136117
0.602964
0.222113
0.596794
0.525790
0.392710
0.280091
0.474336
0.635518
0.038631
0.183186
0.367632
0.322251
0.167628
0.365634
0.755641
0.910732
0.605042
0.472337
0.052842
0.203368
0.778161
0.039989
0.204563
0.084913
0.083114
0.276819
0.163409
0.208435
0.564874
0.701458
0.059025
0.989849
0.930400
0.061268
0.872799
0.312575
0.871836
0.857905
0.302780
0.916695
0.478801
0.945282
0.455024
0.896360
0.937684
0.078353
0.149405
0.396900
0.515918
0.655885
0.758168
0.978836
0.525962
0.919449
0.343691
0.438253
0.409449
0.609874
0.411216
0.618645
0.549107
0.341710
0.398680
0.764576
0.792505
0.207261
0.940342
0.620355
0.150187
0.727525
0.046262
0.666853
0.395099
0.835110
0.741618
0.471035
0.630266
0.723351
0.736468
0.146379
0.265092
0.829033
0.885968
0.314388
0.409638
0.902328
0.972323
0.302682
0.822487
0.575225
0.972611
0.601850
0.222263
0.259519
0.305168
0.314835
0.702482
0.077308
0.990708
0.926084
0.001146
0.690171
0.969856
0.269683
0.053382
0.538151
0.255146
0.816750
0.927626
0.694551
0.927066
0.536128
0.103705
0.706395
0.541601
0.634075
0.515167
0.133254
0.314876
0.129148
0.543036
0.829586
0.484969
0.522415
0.084861
0.300566
0.264146
0.904385
0.099807
0.023826
0.947524
0.452960
0.330330
0.292127
0.799193
0.643130
0.475580
0.328871
0.287441
0.847112
0.225489
0.550206
0.891037
0.552565
0.799367
0.024729
0.259064
0.908690
0.074333
0.323316
0.009427
0.908649
0.964543
0.656960
0.305910
0.475414
0.316334
0.690915
0.645357
0.606069
0.647575
0.183384
0.115230
0.768685
0.613400
0.763063
0.860018
0.681452
0.841864
0.410415
0.948573
0.534408
0.510380
0.623868
0.023002
0.163604
0.616067
0.465254
0.639926
0.380823
0.449363
0.390021
0.766740
0.015818
0.895814
0.345325
0.525018
0.448742
0.782856
0.977909
0.396168
0.951810
0.136491
0.585390
0.768786
0.223022
0.670026
0.981980
0.955238
0.967769
0.475304
0.623371
0.517526
0.162123
0.956759
0.669245
0.448367
0.791101
0.786394
0.596875
0.742456
0.536204
0.528603
0.384600
0.018926
0.464372
0.103720
0.965258
0.423478
0.301660
0.977794
0.855749
0.364609
0.983229
0.393522
0.640445
0.102308
0.717130
0.687908
0.467106
0.088851
0.556431
0.875063
0.040545
0.932776
0.551551
0.339303
0.981346
0.812756
0.999366
0.866193
0.049736
0.662367
0.814820
0.788801
0.546197
0.720655
0.938495
0.231276
0.848608
0.788273
0.901269
0.846717
0.721115
0.136295
0.331462
0.188771
0.746944
0.031752
0.870010
0.825116
0.697040
0.949988
0.826279
0.412033
0.511488
0.875849
0.137403
0.884044
0.530526
0.688706
0.834917
0.015702
0.055854
0.728278
0.425162
0.328220
0.737133
0.775639
0.931626
0.793186
0.559036
0.861698
0.619504
0.270983
0.828505
0.465682
0.301704
0.098367
0.310667
0.960411
0.240253
0.150742
0.825432
0.933038
0.062957
0.656779
0.185055
0.271207
0.629966
0.300378
0.087573
0.669951
0.787213
0.652986
0.683077
0.448966
0.650371
0.956567
0.582031
0.622224
0.487859
0.928338
0.860026
0.383012
0.608977
0.489561
0.353961
0.509951
0.452905
0.638424
0.301093
0.877546
0.150973
0.108649
0.560654
0.182766
0.860618
0.792100
0.930917
0.537953
0.087642
0.288921
0.872421
0.652281
0.994039
0.244444
0.237278
0.835484
0.885537
0.178804
0.338497
0.922533
0.606739
0.369956
0.134735
0.513991
0.928724
0.823479
0.202499
0.807355
0.563559
0.349340
0.839297
0.439408
0.667947
0.283446
0.893973
0.492084
0.652258
0.008222
0.592249
0.932525
0.356279
0.076101
0.219528
0.145817
0.952386
0.504330
0.970202
0.915339
0.623509
0.745003
0.635128
0.649522
0.950373
0.152528
0.992964
0.695397
0.627634
0.611155
0.404712
0.710477
0.713680
0.295794
0.895720
0.873813
0.685431
0.396476
0.777238
0.756555
0.415624
0.942840
0.225608
0.030372
0.390482
0.239073
0.649939
0.781956
0.784817
0.770162
0.292144
0.509568
0.886261
0.759178
0.497710
0.990167
0.399008
0.163061
0.807443
0.445723
0.984205
0.959045
0.564324
0.563490
0.315933
0.741187
0.811411
0.399698
0.819452
0.446564
0.332967
0.971487
0.243364
0.241926
0.573183
0.806429
0.858014
0.140674
0.667844
0.774969
0.306449
0.594064
0.873161
0.504375
0.069858
0.435915
0.643418
0.639859
0.414841
0.095878
0.209106
0.976425
0.958810
0.335245
0.743265
0.185604
0.489494
0.014347
0.075787
0.487044
0.061777
0.361386
0.310056
0.941045
0.875008
0.565199
0.603205
0.562895
0.773455
0.350665
0.701465
0.064640
0.313143
0.392120
0.969132
0.175735
0.970012
0.241422
0.556889
0.089146
0.916833
0.290448
0.569894
0.372566
0.755880
0.198000
0.517194
0.395145
0.839135
0.263032
0.288281
0.593161
0.820722
0.291205
0.424104
0.598060
0.799983
0.826302
0.369414
0.978275
0.677110
0.380436
0.652677
0.470598
0.151148
0.863030
0.498369
0.622583
0.151015
0.698127
0.350341
0.762759
0.090183
0.969247
0.158092
0.960214
0.262615
0.051538
0.594274
0.529356
0.678226
0.976539
0.496039
0.548046
0.461932
0.530038
0.209461
0.494493
0.077665
0.722395
0.345057
0.403183
0.297197
0.906320
0.870027
0.257957
0.612091
0.205908
0.276695
0.222332
0.086419
0.409528
0.621070
0.661113
0.639678
0.163342
0.897040
0.623146
0.551589
0.979413
0.413424
0.647773
0.064328
0.874130
0.593691
0.777185
0.371087
0.085479
0.223587
0.953664
0.885952
0.287246
0.554824
0.511604
0.296805
0.559231
0.372600
0.303217
0.995264
0.487962
0.301720
0.999607
0.264013
0.224592
0.675547
0.021707
0.974754
0.850401
0.108068
0.535682
0.446705
0.164798
0.229875
0.874276
0.653655
0.470817
0.995338
0.735424
0.770270
0.343071
0.112893
0.318418
0.995873
0.180566
0.507680
0.602235
0.609023
0.877651
0.476270
0.202040
0.428316
0.213727
0.409474
0.765451
0.450981
0.377819
0.511939
0.883636
0.247306
0.844689
0.317516
0.026592
0.428776
0.138041
0.938008
0.968719
0.984820
0.492068
0.588724
0.054582
0.533069
0.743469
0.614491
0.300457
0.196349
0.518318
0.466858
0.529317
0.371275
0.546154
0.434974
0.334173
0.033116
0.198147
0.621208
0.116417
0.352166
0.149189
0.295806
0.489413
0.249719
0.923609
0.383448
0.689141
0.634763
0.384983
0.550029
0.015943
0.536047
0.684965
0.037568
0.261180
0.864606
0.898051
0.573276
0.433416
0.564393
0.204899
0.269337
0.785140
0.465720
0.460545
0.622343
0.545206
0.789069
0.508398
0.490713
0.451871
0.653369
0.016939
0.658887
0.418949
0.629283
0.555476
0.049538
0.016510
0.757459
0.580251
0.661842
0.492049
0.234051
0.193868
0.397398
0.189034
0.528514
0.584868
0.074152
0.928832
0.435375
0.794424
0.624662
0.705795
0.615837
0.366746
0.008938
0.070406
0.923441
0.695999
0.275837
0.011437
0.800979
0.182234
0.003011
0.135082
0.884520
0.727476
0.646093
0.583388
0.028607
0.371133
0.981881
0.235991
0.082485
0.832077
0.807758
0.702578
0.481756
0.393141
0.688499
0.324044
0.495187
0.909535
0.417191
0.270919
0.468836
0.370018
0.096610
0.938157
0.143415
0.903173
0.742431
0.478778
0.615377
0.637500
0.034104
0.894229
0.442845
0.454932
0.225920
0.890880
0.972637
0.461386
0.414019
0.974322
0.862686
0.020617
0.776913
0.536474
0.988263
0.842201
0.579926
0.164784
0.693787
0.663697
0.133755
0.280835
0.938898
0.616187
0.813400
0.093761
0.925838
0.387293
0.419649
0.066825
0.866353
0.750957
0.819219
0.295374
0.043144
0.231238
0.535421
0.986087
0.721398
0.846530
0.378467
0.527966
0.380068
0.298733
0.771857
0.945508
0.434126
0.406746
0.820559
0.733974
0.431667
0.305742
0.528950
0.276210
0.126872
0.276382
0.846956
0.949857
0.921656
0.188075
0.440117
0.577076
0.423933
0.120419
0.823589
0.512825
0.751977
0.567212
0.673012
0.368184
0.989196
0.385082
0.844748
0.856753
0.544836
0.412601
0.828484
0.279911
0.975846
0.960057
0.538585
0.609518
0.451827
0.282902
0.917431
0.001912
0.691062
0.036098
0.830282
0.500630
0.671927
0.900225
0.014644
0.365086
0.831693
0.803866
0.169326
0.732802
0.758048
0.854832
0.197651
0.260824
0.952466
0.933288
0.978036
0.553412
0.047892
0.324270
0.302024
0.728322
0.525989
0.681579
0.712149
0.514579
0.761282
0.847447
0.060811
0.008526
0.125100
0.086525
0.863095
0.014237
0.702100
0.986821
0.333704
0.125319
0.365180
0.673601
0.056154
0.175377
0.671825
0.305610
0.180114
0.588694
0.989104
0.215166
0.244420
0.193084
0.658634
0.713649
0.870037
0.253042
0.295735
0.658471
0.598613
0.307246
0.863415
0.669264
0.883010
0.071012
0.161285
0.943584
0.758117
0.668163
0.739272
0.928350
0.709649
0.178744
0.240536
0.429295
0.183773
0.707229
0.962451
0.896453
0.890225
0.064036
0.778775
0.737003
0.956224
0.867013
0.721994
0.649845
0.508569
0.147999
0.772098
0.228838
0.994494
0.606945
0.939379
0.008267
0.656073
0.988162
0.790959
0.080343
0.824129
0.217741
0.849638
0.231203
0.219732
0.931895
0.369354
0.758128
0.056361
0.772314
0.401391
0.809697
0.293676
0.885177
0.255451
0.453319
0.438178
0.274189
0.392755
0.763636
0.132917
0.626570
0.158289
0.221341
0.858909
0.901655
0.861995
0.886277
0.520511
0.676370
0.474312
0.074593
0.398327
0.674586
0.442240
0.341861
0.092110
0.531656
0.734579
0.189417
0.571070
0.247229
0.717281
0.839616
0.738695
0.824140
0.874228
0.815940
0.791879
0.622672
0.659071
0.324200
0.405625
0.859921
0.466135
0.012395
0.448566
0.692522
0.008183
0.521054
0.487308
0.094624
0.356004
0.449226
0.428042
0.015080
0.608707
0.670043
0.667822
0.937498
0.364133
0.545183
0.895711
0.816082
0.383223
0.210904
0.250389
0.216163
0.376498
0.988361
0.146772
0.262292
0.178179
0.978582
0.640902
0.042763
0.027755
0.934853
0.570566
0.063197
0.979917
0.860739
0.402008
0.864681
0.396933
0.975781
0.153020
0.851383
0.020225
0.659754
0.901956
0.360575
0.554246
0.030868
0.261618
0.735604
0.840657
0.645258
0.987588
0.993403
0.418726
0.432051
0.747691
0.906667
0.379806
0.432715
0.449376
0.351175
0.116411
0.814604
0.069684
0.855672
0.666711
0.110515
0.783690
0.598339
0.801152
0.587501
0.770474
0.896606
0.706311
0.545341
0.081422
0.792081
0.385933
0.909310
0.267035
0.114463
0.691107
0.525400
0.477784
0.021231
0.645465
0.010873
0.438131
0.548927
0.485465
0.106610
0.842217
0.134719
0.615943
0.686631
0.416170
0.621219
0.722919
0.200166
0.087024
0.044440
0.062375
0.180778
0.388064
0.986566
0.532145
0.311978
0.170425
0.086260
0.826953
0.853434
0.770028
0.178404
0.946294
0.227611
0.273735
0.701268
0.501545
0.078937
0.172487
0.415460
0.642264
0.425007
0.037798
0.182216
0.014849
0.795876
0.598952
0.861920
0.710651
0.676152
0.609575
0.799322
0.546421
0.168868
0.633777
0.705977
0.129423
0.741834
0.545150
0.790738
0.503677
0.920598
0.955983
0.167915
0.712849
0.394404
0.173573
0.925314
0.416921
0.152337
0.514614
0.978851
0.608594
0.077471
0.330582
0.486466
0.969053
0.049348
0.756049
0.288026
0.668466
0.256668
0.585114
0.647923
0.141399
0.422113
0.776494
0.406027
0.916781
0.199230
0.180241
0.990116
0.411472
0.131913
0.362863
0.030674
0.181502
0.106020
0.438208
0.963897
0.225029
0.958254
0.782912
0.847078
0.622590
0.701696
0.902088
0.671311
0.724899
0.256549
0.751896
0.108811
0.647035
0.839442
0.296458
0.638520
0.434122
0.859119
0.476416
0.060614
0.644036
0.126404
0.897095
0.095743
0.717467
0.125686
0.957972
0.804148
0.013542
0.478252
0.650702
0.611414
0.826961
0.137374
0.115452
0.121833
0.405706
0.684977
0.878943
0.577311
0.454675
0.964085
0.138475
0.619079
0.297732
0.249545
0.712094
0.532127
0.946115
0.924755
0.945408
0.537896
0.022427
0.014054
0.151428
0.004598
0.864974
0.026376
0.495408
0.135166
0.553914
0.060950
0.064677
0.791549
0.121085
0.481331
0.521671
0.516004
0.868528
0.147073
0.753937
0.008723
0.720953
0.390424
0.962841
0.792879
0.709487
0.049433
0.696914
0.905034
0.672588
0.108577
0.271285
0.684521
0.990145
0.355456
0.590545
0.750707
0.255503
0.153457
0.038589
0.366083
0.109197
0.292797
0.501962
0.474848
0.649417
0.807656
0.400181
0.514792
0.443722
0.356530
0.215903
0.689808
0.422710
0.324904
0.871005
0.392608
0.265498
0.550671
0.542739
0.977317
0.418258
0.399437
0.986517
0.288051
0.100295
0.215632
0.118113
0.912247
0.507732
0.818844
0.805456
0.366150
0.859724
0.315807
0.367910
0.047918
0.095295
0.710665
0.771220
0.817333
0.942936
0.086748
0.022019
0.219122
0.835779
0.707256
0.039863
0.921739
0.722841
0.520870
0.174972
0.031520
0.186593
0.509160
0.836037
0.014026
0.751577
0.522472
0.454229
0.350055
0.271227
0.330350
0.909642
0.729814
0.775589
0.184510
0.254557
0.509360
0.877225
0.237431
0.834485
0.987955
0.487111
0.612522
0.615067
0.202266
0.538010
0.834250
0.304937
0.321073
0.463631
0.109602
0.851248
0.783673
0.683940
0.851398
0.181589
0.699670
0.045185
0.363358
0.510966
0.004843
0.407002
0.088066
0.837864
0.484314
0.216060
0.043278
0.850363
0.545797
0.863391
0.718184
0.780833
0.613943
0.261377
0.540526
0.090233
0.998708
0.463542
0.955799
0.634887
0.511657
0.203702
0.331957
0.885620
0.001187
0.337589
0.188331
0.035644
0.349201
0.473794
0.866000
0.713792
0.499602
0.869568
0.767054
0.482555
0.182266
0.343167
0.716367
0.402127
0.287141
0.706416
0.461519
0.443561
0.436580
0.447342
0.536998
0.406565
0.054901
0.591006
0.271531
0.898975
0.679110
0.735556
0.755167
0.010159
0.281411
0.447004
0.278971
0.590717
0.519047
0.650376
0.734201
0.856330
0.929637
0.649925
0.056922
0.902472
0.773915
0.413940
0.241941
0.519063
0.836489
0.157395
0.425416
0.834611
0.802017
0.135571
0.369097
0.300098
0.699238
0.205703
0.783655
0.425654
0.579339
0.659065
0.338580
0.834990
0.253754
0.909056
0.910539
0.622829
0.896859
0.247787
0.145218
0.806974
0.050717
0.703769
0.092316
0.984329
0.018604
0.749839
0.394794
0.900723
0.194446
0.293805
0.745492
0.030671
0.668188
0.769034
0.512727
0.461834
0.865103
0.737677
0.970855
0.305623
0.883930
0.735091
0.555510
0.596451
0.095759
0.606725
0.381676
0.295631
0.072748
0.003875
0.525666
0.335354
0.894152
0.834827
0.014108
0.893083
0.021178
0.479889
0.735548
0.955805
0.950067
0.769046
0.741568
0.893542
0.511601
0.274481
0.551809
0.651654
0.676768
0.568415
0.325897
0.096525
0.352617
0.535402
0.893053
0.040502
0.246004
0.736440
0.239477
0.334460
0.482951
0.737891
0.441309
0.017649
0.447707
0.357228
0.503132
0.666664
0.992736
0.938639
0.796569
0.377006
0.953379
0.300629
0.884218
0.713397
0.826815
0.496250
0.842699
0.149129
0.502401
0.462923
0.527115
0.929782
0.998485
0.957944
0.160282
0.921759
0.303321
0.248845
0.448935
0.324334
0.442966
0.540872
0.750676
0.816408
0.109688
0.312073
0.600276
0.167863
0.196116
0.436138
0.292986
0.518839
0.630061
0.953189
0.024954
0.851286
0.453484
0.110125
0.582292
0.472999
0.643184
0.931879
0.614245
0.242526
0.138943
0.415532
0.748309
0.042403
0.449200
0.046324
0.397214
0.247363
0.022418
0.019140
0.326605
0.323307
0.544439
0.844099
0.515212
0.039510
0.000654
0.557788
0.921886
0.811196
0.779593
0.141618
0.930848
0.033386
0.808477
0.630794
0.609811
0.368734
0.323979
0.465316
0.251792
0.429665
0.644298
0.459650
0.894923
0.781026
0.909098
0.183132
0.551947
0.412873
0.130701
0.102224
0.738458
0.093600
0.112247
0.467874
0.443942
0.180972
0.433839
0.227748
0.824330
0.834776
0.605113
0.225316
0.271009
0.435711
0.173570
0.966215
0.610456
0.423714
0.540873
0.294793
0.285286
0.785757
0.329887
0.218021
0.920318
0.209760
0.311838
0.686818
0.916836
0.371687
0.506736
0.032729
0.025902
0.473047
0.358399
0.516074
0.178030
0.945889
0.802871
0.584618
0.626379
0.145962
0.550459
0.277087
0.273403
0.992472
0.843925
0.842809
0.686141
0.263837
0.214646
0.911064
0.845578
0.279729
0.492529
0.648921
0.528320
0.358038
0.370235
0.092047
0.892056
0.616069
0.080867
0.299342
0.819805
0.401296
0.641922
0.794679
0.841837
0.534666
0.942846
0.406730
0.799721
0.693968
0.070347
0.748223
0.214279
0.329000
0.721700
0.494113
0.042595
0.538097
0.678110
0.156415
0.875482
0.153866
0.354611
0.407812
0.720251
0.422346
0.730887
0.972993
0.582887
0.262113
0.563828
0.406740
0.871249
0.335023
0.640615
0.241145
0.356224
0.834966
0.336046
0.294251
0.332569
0.986653
0.654983
0.738734
0.608083
0.038899
0.626028
0.839086
0.622518
0.790658
0.669694
0.738841
0.353181
0.170848
0.175009
0.927740
0.160002
0.040368
0.659543
0.166248
0.070165
0.855013
0.036387
0.448259
0.781317
0.596481
0.670089
0.919019
0.848453
0.305768
0.478131
0.926907
0.743844
0.766879
0.431063
0.088947
0.174042
0.778368
0.609471
0.117506
0.147483
0.598088
0.412615
0.130873
0.046938
0.542821
0.802954
0.532656
0.187550
0.265989
0.048605
0.912052
0.102321
0.573382
0.458999
0.981214
0.541347
0.383190
0.400670
0.231780
0.339954
0.413382
0.319018
0.311148
0.030866
0.296164
0.528018
0.486276
0.688775
0.864498
0.891044
0.388059
0.430641
0.178208
0.076910
0.253055
0.670184
0.787989
0.316559
0.881583
0.491813
0.843264
0.133446
0.455067
0.818866
0.942676
0.834715
0.831370
0.199503
0.692616
0.931681
0.123154
0.008950
0.596696
0.898405
0.143592
0.990597
0.810623
0.909120
0.411729
0.914936
0.202135
0.219936
0.521091
0.313685
0.368074
0.616022
0.680755
0.259871
0.172468
0.033252
0.589378
0.300395
0.694810
0.907658
0.484333
0.110068
0.098482
0.128562
0.022131
0.562831
0.609418
0.648472
0.734765
0.559385
0.030305
0.108373
0.380702
0.679422
0.365976
0.692942
0.286825
0.024595
0.874135
0.879795
0.817931
0.681912
0.476662
0.285169
0.358902
0.147824
0.164133
0.110703
0.152595
0.458492
0.960707
0.834229
0.032263
0.031220
0.675262
0.944916
0.010636
0.606022
0.058689
0.893129
0.573239
0.427920
0.734488
0.214892
0.559024
0.386097
0.019063
0.918605
0.463137
0.795960
0.356869
0.579961
0.230048
0.904331
0.973800
0.095005
0.036548
0.975905
0.356643
0.848074
0.006925
0.479239
0.884669
0.047689
0.942765
0.669819
0.766572
0.429115
0.136674
0.873743
0.531723
0.874400
0.473201
0.234403
0.894202
0.992503
0.540944
0.709705
0.339080
0.772876
0.316875
0.112345
0.098578
0.292038
0.354365
0.689900
0.255498
0.665927
0.333255
0.175454
0.573964
0.097881
0.178392
0.302041
0.680418
0.984560
0.155889
0.682064
0.574758
0.987493
0.643891
0.055841
0.001529
0.458801
0.706769
0.851065
0.272616
0.851777
0.769680
0.674819
0.229766
0.360529
0.947301
0.405369
0.923182
0.666893
0.161706
0.237825
0.323459
0.956650
0.609664
0.152988
0.728073
0.947605
0.560931
0.141820
0.386025
0.095588
0.580006
0.589372
0.555813
0.176647
0.658302
0.663168
0.342607
0.459482
0.438239
0.608356
0.588318
0.567911
0.963430
0.525780
0.640542
0.426253
0.730554
0.370391
0.371213
0.599415
0.956940
0.205739
0.811585
0.814929
0.793418
0.678113
0.228515
0.201131
0.429383
0.277004
0.864840
0.738647
0.840664
0.003184
0.538530
0.792448
0.521114
0.804146
0.394397
0.529631
0.879783
0.889388
0.187838
0.961417
0.392794
0.364757
0.095670
0.419464
0.761207
0.688044
0.816467
0.676500
0.667703
0.698436
0.200918
0.097263
0.439051
0.208751
0.607707
0.002089
0.974675
0.723809
0.151414
0.761045
0.980233
0.561581
0.563324
0.322420
0.031723
0.436946
0.632334
0.872615
0.395759
0.414707
0.638426
0.665291
0.129900
0.812213
0.011562
0.566302
0.821341
0.434271
0.750031
0.053030
0.148267
0.257134
0.624800
0.482474
0.760450
0.402708
0.131079
0.365699
0.801998
0.878892
0.240868
0.259153
0.852403
0.474239
0.543344
0.857173
0.064807
0.824279
0.508130
0.449990
0.074000
0.635273
0.167875
0.433268
0.862637
0.481718
0.908018
0.056138
0.818000
0.963036
0.489944
0.429019
0.466665
0.678721
0.482557
0.615862
0.858343
0.462641
0.323587
0.498418
0.860141
0.263709
0.250870
0.572612
0.493427
0.058213
0.694066
0.372778
0.573142
0.825681
0.828791
0.518138
0.608646
0.762026
0.070647
0.034638
0.996276
0.875282
0.400060
0.987063
0.494973
0.894739
0.019836
0.240724
0.146800
0.157596
0.342880
0.381182
0.564139
0.700259
0.942007
0.366323
0.078078
0.948741
0.288784
0.609672
0.525617
0.753001
0.432374
0.879236
0.190489
0.011421
0.971805
0.515390
0.038154
0.779907
0.117062
0.358032
0.693591
0.110334
0.501739
0.874249
0.277167
0.855451
0.765332
0.591355
0.705238
0.225842
0.939016
0.071837
0.325962
0.256644
0.169928
0.715457
0.707903
0.210292
0.346559
0.383115
0.856533
0.620582
0.093841
0.969260
0.730829
0.446758
0.338713
0.785902
0.820693
0.855482
0.671340
0.538695
0.924963
0.062949
0.501364
0.799033
0.704280
0.222466
0.749967
0.952724
0.585168
0.352795
0.522633
0.473691
0.726792
0.732450
0.238881
0.652669
0.391639
0.718719
0.370065
0.052433
0.795294
0.375915
0.537830
0.677973
0.910543
0.741047
0.050824
0.885407
0.752264
0.807441
0.229700
0.700921
0.061665
0.926467
0.513993
0.976455
0.247810
0.035495
0.957605
0.893826
0.330653
0.269357
0.879571
0.866366
0.297634
0.601194
0.358482
0.348027
0.273205
0.289356
0.922397
0.032490
0.579416
0.523248
0.448800
0.986262
0.822738
0.384022
0.837618
0.440283
0.424586
0.925641
0.481356
0.268650
0.720846
0.219473
0.647664
0.185777
0.006141
0.062065
0.285626
0.787349
0.649339
0.421369
0.362361
0.092511
0.950534
0.206375
0.647652
0.449096
0.448050
0.411982
0.136386
0.468451
0.961216
0.637959
0.723573
0.777115
0.029206
0.502130
0.615997
0.654413
0.659576
0.502495
0.408265
0.509966
0.885947
0.236828
0.473421
0.754838
0.229335
0.081321
0.576942
0.633999
0.237447
0.711311
0.285539
0.168579
0.932560
0.618345
0.020956
0.139180
0.827174
0.420546
0.785594
0.697662
0.104221
0.239590
0.552741
0.033679
0.663894
0.469067
0.401490
0.961505
0.835640
0.167162
0.918242
0.941443
0.142623
0.303972
0.588240
0.464499
0.826430
0.827858
0.683054
0.571523
0.050566
0.298805
0.376918
0.692706
0.296565
0.887185
0.247488
0.975729
0.632896
0.803498
0.733856
0.868244
0.502809
0.074677
0.988688
0.577445
0.514603
0.599425
0.852042
0.066637
0.224464
0.264418
0.832066
0.498571
0.535969
0.070839
0.856155
0.444089
0.531100
0.720952
0.068920
0.277669
0.738241
0.928858
0.752552
0.637374
0.552166
0.873319
0.272220
0.287026
0.857329
0.580509
0.957733
0.356214
0.667326
0.019981
0.949150
0.248458
0.075819
0.458065
0.690549
0.447601
0.655398
0.048186
0.771191
0.565123
0.172553
0.901013
0.187275
0.691394
0.408598
0.130635
0.112016
0.801546
0.592298
0.105370
0.843696
0.337212
0.880935
0.883837
0.670161
0.215402
0.517776
0.642514
0.818122
0.586194
0.075707
0.997920
0.785731
0.835896
0.012655
0.262201
0.016178
0.317739
0.506338
0.238452
0.022544
0.086743
0.232817
0.167728
0.631705
0.259960
0.612549
0.391063
0.533052
0.939859
0.820458
0.513050
0.352696
0.636195
0.846106
0.543029
0.717735
0.235922
0.036183
0.044183
0.675398
0.452982
0.475891
0.643625
0.426138
0.110403
0.076725
0.161519
0.283930
0.438975
0.488813
0.739468
0.029947
0.491083
0.511123
0.602154
0.328594
0.447983
0.745658
0.884317
0.595571
0.246419
0.554900
0.962865
0.250498
0.250088
0.546468
0.456237
0.198329
0.222265
0.944842
0.055885
0.358937
0.386308
0.512531
0.514404
0.092756
0.951604
0.369870
0.999999
0.751134
0.055060
0.077684
0.197684
0.467609
0.382926
0.916010
0.152340
0.365966
0.049254
0.996724
0.361743
0.594237
0.492266
0.092082
0.254478
0.752978
0.227808
0.940468
0.500868
0.874965
0.758917
0.899645
0.805453
0.301549
0.624737
0.656578
0.390692
0.941656
0.313827
0.756942
0.727656
0.177295
0.687824
0.920081
0.985577
0.345605
0.192767
0.611424
0.049675
0.691059
0.181904
0.537823
0.207419
0.867023
0.177100
0.572096
0.737812
0.417235
0.072646
0.665313
0.531951
0.758041
0.931128
0.476347
0.448545
0.897787
0.178917
0.690746
0.143194
0.944614
0.301667
0.648348
0.399646
0.771188
0.167763
0.221892
0.092792
0.034967
0.076402
0.752466
0.215808
0.281636
0.915219
0.803413
0.786323
0.647443
0.991965
0.587128
0.316936
0.447328
0.285815
0.678877
0.502014
0.102409
0.128180
0.236182
0.219641
0.598653
0.235256
0.866539
0.030885
0.938459
0.465664
0.490514
0.784110
0.445539
0.462367
0.569626
0.309976
0.454251
0.332479
0.747284
0.020860
0.598514
0.337844
0.956964
0.620281
0.464646
0.735316
0.776039
0.183869
0.131885
0.813847
0.485419
0.505102
0.274049
0.115643
0.676872
0.788482
0.124770
0.552390
0.763734
0.265127
0.027706
0.735901
0.434536
0.858539
0.148769
0.115085
0.094901
0.267493
0.184439
0.047239
0.216785
0.685732
0.363661
0.942193
0.187308
0.315571
0.496025
0.756595
0.820533
0.109452
0.218910
0.832002
0.412847
0.236946
0.488017
0.812912
0.664482
0.526998
0.962812
0.228613
0.112496
0.162166
0.253406
0.518424
0.426434
0.102749
0.730614
0.647448
0.130022
0.843523
0.162518
0.837530
0.314323
0.141807
0.196880
0.742935
0.257558
0.645861
0.558954
0.161796
0.378320
0.218955
0.651652
0.535680
0.869435
0.185510
0.083657
0.484578
0.147254
0.089290
0.779381
0.136510
0.090922
0.292641
0.319353
0.517912
0.851698
0.608551
0.407450
0.729552
0.645833
0.824676
0.197950
0.389317
0.326200
0.606938
0.068006
0.891713
0.751922
0.203405
0.289967
0.950024
0.235970
0.450516
0.546716
0.460061
0.303157
0.189872
0.637040
0.038333
0.323886
0.015217
0.342175
0.822864
0.898495
0.554702
0.746981
0.611627
0.312427
0.147256
0.278018
0.701009
0.010699
0.376810
0.159171
0.979909
0.153060
0.734337
0.759903
0.876593
0.954166
0.861880
0.398061
0.225208
0.120523
0.660088
0.745997
0.683689
0.073570
0.237353
0.302894
0.834204
0.032605
0.360553
0.643765
0.300558
0.979669
0.785771
0.323874
0.913737
0.026163
0.981441
0.457313
0.476900
0.429602
0.601271
0.315659
0.249096
0.628407
0.297238
0.884600
0.775491
0.861149
0.089714
0.452784
0.377249
0.618793
0.384353
0.858809
0.748590
0.620802
0.417054
0.371196
0.478596
0.765796
0.557307
0.062136
0.074102
0.324722
0.969417
0.444496
0.130005
0.714314
0.586693
0.994197
0.090108
0.077621
0.720864
0.754146
0.610411
0.394509
0.666910
0.686420
0.946316
0.944274
0.983073
0.253423
0.649164
0.597668
0.699853
0.802643
0.323313
0.840082
0.471575
0.554286
0.232732
0.251958
0.033646
0.603629
0.274509
0.438581
0.737020
0.721604
0.111891
0.861566
0.098925
0.420982
0.053503
0.430954
0.476738
0.387221
0.841904
0.810640
0.996444
0.523026
0.897275
0.696746
0.815449
0.560353
0.043915
0.605921
0.773363
0.639822
0.877564
0.651518
0.188326
0.090306
0.401950
0.802185
0.960005
0.894148
0.787866
0.072043
0.968879
0.881876
0.606276
0.558729
0.288136
0.801539
0.840640
0.925073
0.160060
0.990324
0.913350
0.597553
0.590845
0.127649
0.258579
0.761368
0.399489
0.520244
0.218745
0.087390
0.413888
0.576796
0.189469
0.460903
0.190037
0.679469
0.292313
0.823926
0.200672
0.582094
0.977066
0.873310
0.052727
0.737144
0.453926
0.832447
0.262773
0.177796
0.700619
0.352736
0.219925
0.213257
0.807591
0.394420
0.105541
0.329131
0.504816
0.153484
0.763550
0.871193
0.742582
0.609297
0.862245
0.488082
0.077227
0.086133
0.626110
0.596891
0.311248
0.118333
0.257299
0.515231
0.823117
0.291052
0.906560
0.804745
0.356064
0.582750
0.770069
0.246246
0.032590
0.342929
0.380467
0.916329
0.562715
0.720022
0.318700
0.757324
0.614372
0.132014
0.857111
0.964516
0.159874
0.204585
0.623865
0.296640
0.242670
0.411660
0.798506
0.664532
0.788091
0.766124
0.771504
0.512800
0.273893
0.338938
0.562104
0.021410
0.516534
0.545367
0.445035
0.135608
0.636644
0.049456
0.015314
0.384444
0.600283
0.389352
0.850555
0.895891
0.946419
0.348268
0.675124
0.636454
0.728738
0.891733
0.001420
0.542379
0.842793
0.571079
0.408359
0.397962
0.006414
0.762018
0.889041
0.607478
0.209537
0.788803
0.923385
0.396062
0.602133
0.479601
0.736891
0.187002
0.015979
0.280536
0.116687
0.160718
0.520491
0.997695
0.784757
0.700072
0.969846
0.608222
0.173786
0.122333
0.632360
0.986552
0.069493
0.810640
0.235649
0.907554
0.714874
0.540806
0.629278
0.383560
0.094364
0.418328
0.685835
0.161538
0.990782
0.259583
0.363834
0.837579
0.098013
0.806845
0.994651
0.763564
0.191774
0.669996
0.507598
0.553921
0.232583
0.953392
0.818467
0.858184
0.480103
0.377398
0.887036
0.472480
0.806748
0.991874
0.896158
0.377599
0.816973
0.102023
0.689323
0.856555
0.654319
0.651138
0.195170
0.634035
0.722197
0.700436
0.808102
0.070751
0.068930
0.882232
0.976943
0.580487
0.186323
0.793523
0.513387
0.980233
0.632337
0.255090
0.535159
0.465167
0.217473
0.497218
0.422539
0.251501
0.481722
0.197435
0.104472
0.900579
0.244513
0.199876
0.540118
0.209126
0.749996
0.824856
0.675207
0.585739
0.747973
0.721827
0.791121
0.664271
0.793386
0.065287
0.842568
0.238292
0.524714
0.001970
0.390781
0.564960
0.211511
0.854553
0.011977
0.495738
0.744857
0.910252
0.469176
0.475628
0.598073
0.532024
0.000523
0.387481
0.638906
0.723818
0.318797
0.378420
0.992528
0.839328
0.626858
0.464916
0.144736
0.654314
0.422655
0.156290
0.659498
0.571147
0.618304
0.849331
0.018119
0.136417
0.125094
0.802819
0.128698
0.917218
0.687075
0.410263
0.552611
0.712927
0.468360
0.342452
0.675858
0.535939
0.252049
0.342765
0.376936
0.850594
0.513627
0.627283
0.050351
0.540682
0.698829
0.193784
0.704755
0.347911
0.471744
0.300281
0.423953
0.488755
0.509254
0.903366
0.902279
0.805572
0.441886
0.330168
0.628964
0.130578
0.665200
0.598594
0.123806
0.448661
0.622966
0.995382
0.202535
0.635261
0.688688
0.530158
0.652959
0.895438
0.265896
0.221271
0.029225
0.074912
0.890299
0.317237
0.829130
0.179083
0.082160
0.302054
0.437277
0.104497
0.241930
0.236091
0.407930
0.065958
0.834543
0.813839
0.417189
0.261958
0.629739
0.504881
0.116204
0.052997
0.520595
0.397836
0.634023
0.323277
0.702433
0.780193
0.981288
0.449774
0.600775
0.771489
0.630565
0.855687
0.012481
0.873232
0.268253
0.271288
0.509156
0.120128
0.585410
0.227250
0.053655
0.941211
0.976378
0.041770
0.104800
0.169925
0.671992
0.044783
0.067731
0.098823
0.924084
0.465008
0.890020
0.108207
0.956873
0.680358
0.536274
0.921159
0.676555
0.600488
0.055721
0.886311
0.740547
0.212355
0.274580
0.499689
0.435623
0.533712
0.198399
0.111641
0.885878
0.104204
0.287204
0.700328
0.230593
0.719366
0.929450
0.946138
0.132177
0.065292
0.293986
0.387064
0.841669
0.042628
0.455546
0.763660
0.865596
0.173040
0.476469
0.802301
0.244409
0.125989
0.181291
0.612854
0.512870
0.088985
0.251134
0.519683
0.003111
0.612928
0.903182
0.593794
0.811156
0.230246
0.891668
0.717750
0.984689
0.273945
0.392296
0.245397
0.536559
0.418037
0.861160
0.906024
0.130556
0.218072
0.023515
0.561895
0.379995
0.209638
0.933111
0.702687
0.787130
0.058494
0.397641
0.508275
0.704362
0.730783
0.294721
0.944164
0.951283
0.407416
0.900951
0.706489
0.222461
0.347722
0.008188
0.160370
0.206964
0.962029
0.405379
0.873697
0.097474
0.548482
0.789993
0.587906
0.706435
0.401124
0.413235
0.020359
0.594065
0.239774
0.517285
0.871520
0.571668
0.321156
0.578990
0.513391
0.094858
0.786957
0.788846
0.302474
0.157820
0.166837
0.104609
0.052878
0.414536
0.056197
0.865239
0.989842
0.043222
0.288090
0.777673
0.400413
0.585063
0.976983
0.384969
0.269328
0.485268
0.642502
0.721719
0.928764
0.304581
0.391532
0.248309
0.537397
0.874089
0.793590
0.098120
0.073422
0.593574
0.236652
0.121570
0.970730
0.901053
0.884600
0.005648
0.356167
0.409765
0.549081
0.478865
0.259322
0.518782
0.341744
0.866627
0.458429
0.038127
0.774724
0.850670
0.414007
0.108861
0.928162
0.583029
0.015574
0.678090
0.877212
0.599218
0.536359
0.317014
0.528243
0.182984
0.489552
0.359815
0.389564
0.017421
0.965792
0.677413
0.699143
0.197528
0.770361
0.589558
0.334402
0.238233
0.343243
0.895479
0.627642
0.854856
0.998274
0.666482
0.274476
0.301822
0.665392
0.352113
0.658634
0.199353
0.542420
0.384076
0.103829
0.010127
0.042004
0.669717
0.788754
0.031658
0.053801
0.869718
0.085106
0.453114
0.477280
0.189348
0.577639
0.073726
0.183718
0.497763
0.354982
0.175397
0.819537
0.018019
0.740829
0.070761
0.768225
0.678468
0.801168
0.005418
0.365601
0.530078
0.752698
0.130135
0.684060
0.986351
0.132711
0.438942
0.624414
0.350066
0.569313
0.983754
0.527612
0.934567
0.463551
0.277312
0.634397
0.986330
0.827766
0.058289
0.794062
0.076662
0.024674
0.957405
0.740256
0.819662
0.004477
0.031543
0.446399
0.411420
0.418746
0.730061
0.636963
0.096191
0.444806
0.117381
0.876913
0.631828
0.353037
0.567578
0.542047
0.826744
0.562788
0.199504
0.468395
0.019777
0.931259
0.202500
0.043472
0.416329
0.295036
0.698261
0.184631
0.944660
0.761760
0.598520
0.878063
0.700182
0.473522
0.169658
0.667172
0.387417
0.479508
0.520155
0.894723
0.345695
0.676315
0.556712
0.928530
0.108686
0.297423
0.511859
0.112426
0.174936
0.554332
0.371664
0.578529
0.251126
0.695004
0.758437
0.311764
0.903419
0.670430
0.295162
0.883428
0.430043
0.479417
0.495754
0.278633
0.523901
0.389991
0.697112
0.355539
0.589539
0.396188
0.857144
0.459313
0.258267
0.784533
0.263201
0.753242
0.039008
0.286768
0.359416
0.999210
0.270640
0.095995
0.797462
0.023779
0.207019
0.702571
0.203481
0.149291
0.669675
0.741411
0.741084
0.020769
0.894261
0.085607
0.013863
0.779516
0.975882
0.392936
0.700633
0.823481
0.676771
0.504791
0.257921
0.148172
0.991556
0.474516
0.554230
0.421076
0.462122
0.177082
0.263122
0.979453
0.391793
0.810022
0.760552
0.464658
0.712607
0.518853
0.652519
0.413860
0.032758
0.175955
0.904913
0.222992
0.977276
0.625260
0.903610
0.964424
0.625277
0.166888
0.952236
0.933295
0.163287
0.888493
0.666730
0.726353
0.070379
0.638471
0.854630
0.927774
0.997654
0.256003
0.100619
0.179007
0.757370
0.360444
0.838870
0.027042
0.750489
0.081474
0.774554
0.228177
0.438841
0.948831
0.787583
0.185224
0.826597
0.129072
0.070416
0.358625
0.931174
0.287252
0.859319
0.269396
0.721884
0.575461
0.306104
0.293207
0.132405
0.457301
0.930970
0.203049
0.509890
0.495308
0.060410
0.520560
0.946580
0.277283
0.645352
0.064351
0.693369
0.703232
0.636984
0.947347
0.849641
0.747880
0.628645
0.214271
0.560669
0.744457
0.573959
0.511498
0.259572
0.778911
0.026991
0.996437
0.302107
0.108851
0.025354
0.433656
0.916247
0.986600
0.576283
0.629840
0.006509
0.483680
0.804141
0.493435
0.809600
0.854981
0.062860
0.301817
0.405655
0.725935
0.430660
0.051811
0.839609
0.128064
0.198421
0.137736
0.619781
0.166652
0.814464
0.614335
0.323450
0.058271
0.282026
0.552729
0.453275
0.781220
0.108707
0.808672
0.614276
0.709395
0.622705
0.466888
0.508592
0.990236
0.304572
0.238009
0.290614
0.535234
0.805363
0.127436
0.674029
0.788219
0.184324
0.854960
0.690482
0.134391
0.017716
0.721094
0.297993
0.544882
0.309560
0.897052
0.463692
0.557410
0.706431
0.004510
0.241465
0.299657
0.059476
0.362811
0.856264
0.722373
0.535312
0.189271
0.990876
0.325678
0.798169
0.825745
0.095675
0.769308
0.023278
0.930000
0.338955
0.364038
0.291881
0.549310
0.126891
0.105545
0.604214
0.322702
0.334784
0.019980
0.926690
0.972783
0.223628
0.916218
0.952824
0.215711
0.664616
0.363568
0.337058
0.421083
0.689981
0.417778
0.785685
0.106404
0.484441
0.028441
0.536984
0.126412
0.062807
0.795873
0.154166
0.211873
0.829429
0.623967
0.019980
0.469784
0.931571
0.138027
0.287890
0.493449
0.631515
0.001930
0.734937
0.659680
0.976752
0.263273
0.494321
0.501503
0.266986
0.744424
0.293397
0.998671
0.936956
0.016676
0.637290
0.303465
0.416785
0.055595
0.323327
0.944233
0.400910
0.120134
0.664960
0.955972
0.220085
0.835673
0.512166
0.535580
0.961766
0.287063
0.487897
0.593498
0.766440
0.824017
0.829751
0.150504
0.270591
0.414781
0.756556
0.648653
0.013224
0.630902
0.720454
0.063460
0.216068
0.157737
0.977365
0.113101
0.299212
0.044462
0.015324
0.415026
0.230769
0.298072
0.759640
0.932353
0.558171
0.326323
0.487716
0.336327
0.070875
0.384695
0.107481
0.763769
0.747779
0.935835
0.267732
0.151528
0.606845
0.822317
0.562452
0.183394
0.115646
0.603954
0.776115
0.749308
0.730643
0.927958
0.207509
0.588213
0.724768
0.241152
0.405410
0.198170
0.626189
0.597324
0.642451
0.183897
0.913627
0.234448
0.330700
0.550603
0.539512
0.088905
0.129572
0.063889
0.748567
0.340673
0.303366
0.347589
0.392573
0.387597
0.751338
0.132741
0.176269
0.943058
0.648445
0.565566
0.654327
0.896062
0.680218
0.759209
0.360046
0.684189
0.362260
0.309226
0.795270
0.684677
0.604054
0.704480
0.118582
0.896443
0.243627
0.806943
0.991924
0.880517
0.485095
0.491168
0.588808
0.169655
0.221239
0.536284
0.738451
0.006609
0.750444
0.541534
0.943563
0.745531
0.747192
0.703086
0.439136
0.082902
0.434926
0.014379
0.671093
0.681263
0.343147
0.010926
0.878152
0.619304
0.547103
0.519803
0.215304
0.163776
0.832817
0.693936
0.587137
0.772202
0.828227
0.036068
0.785194
0.438551
0.210617
0.299910
0.151558
0.862683
0.978390
0.609997
0.309923
0.856622
0.767663
0.627346
0.186556
0.606885
0.954945
0.614960
0.708386
0.989410
0.132966
0.487992
0.240304
0.126127
0.169674
0.161919
0.494044
0.413481
0.540391
0.797887
0.710309
0.570257
0.542215
0.926794
0.565532
0.335102
0.041690
0.204093
0.778166
0.489123
0.660204
0.319873
0.759981
0.995908
0.265669
0.054603
0.616286
0.298248
0.355049
0.728646
0.071961
0.174769
0.750512
0.210815
0.493138
0.294860
0.256508
0.712204
0.436324
0.800414
0.377599
0.781269
0.070672
0.094282
0.013958
0.980643
0.073960
0.747395
0.857794
0.946813
0.019292
0.994107
0.012709
0.380267
0.257084
0.501282
0.054827
0.821956
0.224169
0.937153
0.981001
0.482847
0.805663
0.169504
0.069181
0.173976
0.644337
0.396999
0.481815
0.425361
0.014158
0.362265
0.223460
0.364068
0.157327
0.444546
0.416964
0.534111
0.011465
0.953454
0.735722
0.498461
0.027221
0.655474
0.702331
0.857691
0.570692
0.479141
0.691370
0.301879
0.275509
0.685658
0.497431
0.374351
0.691792
0.011549
0.081221
0.887352
0.547359
0.023093
0.269091
0.492800
0.893843
0.862528
0.164704
0.077522
0.144139
0.820217
0.463473
0.177822
0.479485
0.900973
0.457572
0.422900
0.922612
0.727751
0.390686
0.640528
0.415069
0.492125
0.711702
0.007278
0.105913
0.537540
0.256495
0.215742
0.196103
0.843359
0.578839
0.906072
0.032523
0.940541
0.359342
0.373232
0.036616
0.299100
0.867298
0.388609
0.064151
0.901046
0.150382
0.223679
0.052143
0.278534
0.520795
0.436607
0.620759
0.169684
0.495645
0.434650
0.142715
0.991091
0.065742
0.254678
0.787082
0.686705
0.302287
0.408296
0.526512
0.195634
0.201356
0.091518
0.450216
0.616314
0.423104
0.433266
0.781546
0.381124
0.862089
0.021194
0.660929
0.330292
0.575524
0.312159
0.947451
0.824697
0.458992
0.776416
0.490926
0.757703
0.120767
0.169607
0.142678
0.568126
0.377308
0.629799
0.749028
0.199533
0.055910
0.858457
0.227045
0.918091
0.748998
0.089163
0.823890
0.081289
0.681893
0.681427
0.206668
0.994710
0.333531
0.285741
0.044491
0.859894
0.347545
0.892596
0.957614
0.478401
0.967747
0.870752
0.306914
0.491133
0.058334
0.072583
0.750826
0.032897
0.268114
0.758068
0.715879
0.921497
0.076437
0.447982
0.466358
0.336403
0.115466
0.448314
0.930503
0.000849
0.235388
0.852406
0.725057
0.260667
0.263046
0.949088
0.001793
0.041007
0.334604
0.211052
0.732398
0.209426
0.797192
0.285255
0.865016
0.196630
0.511726
0.703311
0.512706
0.563525
0.718070
0.431462
0.788229
0.876400
0.936169
0.186317
0.498112
0.408493
0.795877
0.571609
0.137103
0.937945
0.443106
0.162805
0.488827
0.216137
0.290491
0.368040
0.180492
0.870479
0.116156
0.457170
0.861852
0.700566
0.226041
0.255918
0.863211
0.774162
0.270538
0.410302
0.752554
0.224493
0.017716
0.561911
0.387242
0.262112
0.136703
0.990339
0.577829
0.218605
0.848421
0.133622
0.712700
0.213265
0.085815
0.011340
0.796170
0.955768
0.112539
0.254541
0.577396
0.875455
0.095742
0.311558
0.238860
0.089511
0.016172
0.240354
0.664147
0.555892
0.213435
0.943034
0.880369
0.008611
0.634524
0.956405
0.482183
0.297656
0.703790
0.104741
0.092980
0.358849
0.909659
0.512563
0.220752
0.651497
0.537191
0.337604
0.683943
0.005089
0.999841
0.671777
0.577303
0.968021
0.003909
0.931458
0.372999
0.258528
0.194556
0.965538
0.594092
0.840999
0.228658
0.293993
0.076873
0.628878
0.005129
0.037813
0.330014
0.856370
0.780821
0.764184
0.445702
0.417855
0.747074
0.339191
0.960146
0.537070
0.188413
0.142385
0.000133
0.789547
0.410278
0.514696
0.091261
0.678356
0.918852
0.382415
0.426270
0.547903
0.983348
0.482727
0.109655
0.868722
0.160484
0.745969
0.655872
0.953840
0.998672
0.523194
0.756167
0.064262
0.467014
0.378537
0.272871
0.465580
0.845100
0.730146
0.023315
0.896447
0.236771
0.186272
0.365406
0.976396
0.264443
0.578307
0.747482
0.117513
0.406916
0.177940
0.181516
0.802974
0.758555
0.879104
0.905611
0.073801
0.246118
0.666666
0.290612
0.674325
0.782875
0.045131
0.931185
0.683612
0.352093
0.904145
0.528796
0.510640
0.805997
0.964807
0.247398
0.982134
0.930109
0.993343
0.714021
0.908998
0.663801
0.155668
0.920354
0.225020
0.287179
0.199336
0.359506
0.012288
0.465171
0.427067
0.240195
0.904316
0.664991
0.108810
0.898018
0.018877
0.481311
0.555114
0.868610
0.434514
0.298199
0.685694
0.709442
0.710538
0.266446
0.241824
0.346911
0.679569
0.782566
0.951843
0.243451
0.357512
0.968779
0.130821
0.344248
0.311786
0.452609
0.946939
0.484835
0.344691
0.313400
0.875446
0.543679
0.812219
0.184362
0.990907
0.675885
0.742042
0.516125
0.930850
0.344047
0.066046
0.324387
0.396766
0.169640
0.851192
0.471853
0.638943
0.015100
0.731234
0.444845
0.913589
0.575829
0.918640
0.858418
0.865114
0.063641
0.782431
0.632856
0.716020
0.478763
0.362784
0.155041
0.447815
0.459894
0.151897
0.151150
0.290866
0.640737
0.145284
0.561696
0.869883
0.733922
0.271190
0.884876
0.113522
0.245104
0.279113
0.608186
0.600980
0.847268
0.993075
0.607232
0.312836
0.120186
0.317652
0.872176
0.776342
0.847778
0.000513
0.383465
0.269669
0.597917
0.041319
0.056150
0.931545
0.097465
0.381807
0.372870
0.831601
0.643174
0.612158
0.661524
0.016961
0.845450
0.689119
0.294523
0.244763
0.533448
0.273502
0.760415
0.119673
0.973259
0.602044
0.866536
0.430624
0.267877
0.191942
0.399011
0.212245
0.904231
0.363866
0.865650
0.443877
0.075719
0.021670
0.008888
0.993486
0.942790
0.284061
0.031106
0.151399
0.680198
0.724063
0.750341
0.188463
0.705601
0.128016
0.689059
0.947746
0.685766
0.975192
0.317467
0.574818
0.805591
0.281366
0.076134
0.095757
0.547439
0.939495
0.371338
0.305290
0.270546
0.627522
0.305426
0.901885
0.769235
0.129105
0.243521
0.811830
0.750404
0.107268
0.099084
0.325562
0.693070
0.816918
0.575523
0.571381
0.588930
0.483043
0.435693
0.593647
0.505393
0.831512
0.564058
0.798719
0.490918
0.824105
0.948130
0.046052
0.847361
0.270056
0.055004
0.869398
0.521670
0.676539
0.704745
0.623566
0.904153
0.491966
0.166283
0.668675
0.156524
0.901071
0.618230
0.985641
0.266438
0.401330
0.410720
0.798238
0.450141
0.583471
0.052982
0.598329
0.911663
0.828578
0.109756
0.082827
0.195032
0.199512
0.463668
0.608659
0.037980
0.831238
0.393888
0.032109
0.484177
0.032446
0.670407
0.693417
0.534386
0.933645
0.322550
0.815013
0.136841
0.409235
0.199147
0.917166
0.189500
0.827901
0.947843
0.266201
0.562156
0.433023
0.742903
0.934001
0.117917
0.623847
0.992077
0.464174
0.990924
0.426455
0.537423
0.422420
0.682403
0.736123
0.697426
0.534705
0.839993
0.969201
0.731907
0.619311
0.715331
0.814372
0.003767
0.416567
0.108998
0.143666
0.859294
0.030176
0.301958
0.666131
0.797084
0.867094
0.528627
0.899338
0.935111
0.241081
0.847771
0.323171
0.586629
0.861439
0.547286
0.987281
0.021363
0.527104
0.985575
0.736406
0.919071
0.852885
0.139837
0.903976
0.491167
0.496590
0.537766
0.390138
0.810098
0.333074
0.025416
0.490880
0.075947
0.084127
0.122488
0.136443
0.276374
0.805761
0.598642
0.913400
0.447612
0.608271
0.285343
0.045590
0.323884
0.739854
0.307462
0.954551
0.368241
0.962505
0.908235
0.924016
0.073662
0.103594
0.152652
0.283317
0.596465
0.417860
0.620943
0.123443
0.529211
0.833081
0.940866
0.355288
0.158535
0.247007
0.780688
0.199439
0.592158
0.544346
0.152659
0.411640
0.481706
0.213269
0.792349
0.063396
0.429055
0.206215
0.106091
0.915053
0.351985
0.325296
0.279604
0.080695
0.605340
0.877735
0.197072
0.721619
0.085018
0.931395
0.477311
0.618847
0.187001
0.730209
0.400536
0.134141
0.277185
0.502369
0.349228
0.933210
0.061889
0.622532
0.277033
0.526755
0.525255
0.376341
0.528962
0.493884
0.813303
0.601395
0.795529
0.222537
0.501863
0.633061
0.561222
0.556400
0.043820
0.854885
0.266990
0.024426
0.954882
0.658269
0.014629
0.750860
0.827322
0.100394
0.059412
0.472782
0.688313
0.263910
0.487819
0.748466
0.252248
0.607416
0.212947
0.159743
0.377815
0.953591
0.073797
0.546637
0.286841
0.563195
0.219691
0.030397
0.929949
0.658282
0.196566
0.088314
0.454055
0.939674
0.715786
0.744415
0.106076
0.076528
0.701210
0.748908
0.502963
0.322776
0.540004
0.020955
0.941346
0.560586
0.413974
0.732645
0.451169
0.964152
0.437181
0.318634
0.684763
0.753986
0.920212
0.515643
0.766466
0.820085
0.462453
0.775398
0.629396
0.358655
0.451545
0.823873
0.482662
0.537540
0.386119
0.222427
0.419004
0.910251
0.960026
0.786963
0.542850
0.881571
0.778368
0.651408
0.070773
0.779284
0.708247
0.571149
0.228544
0.318671
0.114004
0.196022
0.016980
0.247248
0.658808
0.864687
0.140178
0.709400
0.010765
0.497554
0.940651
0.449659
0.324759
0.765375
0.474795
0.376348
0.910967
0.261994
0.964430
0.930949
0.290648
0.664817
0.248975
0.968392
0.577707
0.206522
0.899373
0.927403
0.908371
0.152401
0.265518
0.516564
0.773063
0.872101
0.624973
0.864744
0.710911
0.163768
0.140383
0.168399
0.524315
0.188816
0.596617
0.957776
0.000023
0.790947
0.439965
0.267247
0.537828
0.685427
0.356325
0.908672
0.293849
0.424018
0.172891
0.252952
0.076470
0.671106
0.029865
0.788120
0.468622
0.106387
0.628774
0.496832
0.180273
0.642648
0.434371
0.972729
0.512885
0.245998
0.530125
0.687016
0.971848
0.485505
0.497187
0.698846
0.993944
0.113434
0.775885
0.730518
0.632223
0.953471
0.983985
0.379631
0.482694
0.859557
0.543726
0.073662
0.670353
0.209209
0.621781
0.138077
0.243623
0.320102
0.923328
0.303347
0.629847
0.533655
0.427430
0.208159
0.188806
0.122218
0.177508
0.225905
0.737375
0.668504
0.704379
0.354270
0.107852
0.316869
0.247888
0.879861
0.977498
0.253901
0.507001
0.081508
0.209311
0.746366
0.872930
0.541842
0.265758
0.972769
0.573745
0.563506
0.679080
0.612492
0.899755
0.908148
0.413225
0.387566
0.165258
0.783324
0.648721
0.277624
0.150391
0.145766
0.408788
0.278854
0.888022
0.639964
0.371668
0.772360
0.856536
0.560940
0.789627
0.660024
0.367401
0.143806
0.404038
0.031322
0.745875
0.019755
0.635311
0.246730
0.308225
0.588226
0.065114
0.037587
0.541075
0.929642
0.156485
0.772263
0.763645
0.570944
0.815842
0.900997
0.781556
0.884682
0.283776
0.167260
0.373006
0.309258
0.912993
0.972862
0.145904
0.259252
0.574852
0.087243
0.299446
0.752123
0.081393
0.828392
0.302506
0.752965
0.616924
0.691540
0.034876
0.331312
0.590795
0.262265
0.383373
0.373514
0.189934
0.460039
0.427572
0.108664
0.130839
0.717071
0.850258
0.927619
0.878972
0.080292
0.638329
0.713677
0.541738
0.798260
0.141980
0.299945
0.104355
0.026354
0.690315
0.394166
0.242639
0.838499
0.033015
0.840431
0.909191
0.061037
0.865735
0.098538
0.418643
0.036795
0.721264
0.375648
0.317648
0.700381
0.797357
0.161465
0.484344
0.726437
0.839019
0.858339
0.531749
0.585932
0.116895
0.230623
0.828427
0.000724
0.162692
0.693800
0.662951
0.363077
0.685219
0.005780
0.862946
0.521009
0.524950
0.441404
0.762530
0.639360
0.851052
0.995931
0.577492
0.691814
0.656403
0.535244
0.444019
0.749401
0.583474
0.620517
0.351235
0.773679
0.971333
0.087321
0.207756
0.552402
0.989104
0.747515
0.083483
0.726266
0.606136
0.471650
0.405176
0.477961
0.076442
0.246669
0.717406
0.297287
0.870994
0.656790
0.888145
0.670985
0.911290
0.692182
0.922227
0.474791
0.974607
0.389871
